-9998
-9995
-9994
-9987
-9985
-9983
-9979
-9978
-9974
-9973
-9965
-9962
-9961
-9957
-9951
-9946
-9943
-9941
-9939
-9938
-9935
-9930
-9929
-9921
-9919
-9917
-9913
-9910
-9907
-9906
-9902
-9899
-9897
-9895
-9886
-9885
-9877
-9874
-9869
-9866
-9863
-9862
-9858
-9853
-9851
-9847
-9842
-9841
-9833
-9831
-9830
-9829
-9822
-9818
-9814
-9811
-9809
-9807
-9803
-9798
-9797
-9789
-9787
-9786
-9785
-9781
-9778
-9777
-9770
-9767
-9766
-9763
-9759
-9754
-9753
-9745
-9743
-9742
-9741
-9737
-9734
-9731
-9730
-9726
-9723
-9721
-9719
-9717
-9715
-9710
-9709
-9701
-9699
-9698
-9697
-9690
-9687
-9686
-9682
-9679
-9677
-9671
-9665
-9655
-9654
-9649
-9646
-9643
-9642
-9638
-9635
-9631
-9627
-9622
-9613
-9611
-9609
-9605
-9602
-9599
-9598
-9593
-9591
-9589
-9587
-9582
-9578
-9577
-9569
-9566
-9565
-9561
-9554
-9553
-9547
-9545
-9543
-9539
-9534
-9533
-9523
-9521
-9517
-9514
-9511
-9510
-9503
-9501
-9499
-9490
-9489
-9481
-9479
-9478
-9473
-9470
-9467
-9466
-9463
-9462
-9455
-9451
-9446
-9445
-9437
-9435
-9434
-9433
-9429
-9426
-9422
-9418
-9417
-9415
-9413
-9411
-9407
-9402
-9401
-9393
-9391
-9390
-9389
-9385
-9382
-9379
-9374
-9371
-9367
-9363
-9358
-9357
-9349
-9347
-9346
-9345
-9341
-9339
-9338
-9335
-9334
-9330
-9327
-9323
-9319
-9314
-9313
-9305
-9303
-9302
-9301
-9294
-9293
-9291
-9290
-9289
-9286
-9283
-9281
-9271
-9269
-9259
-9258
-9257
-9253
-9247
-9246
-9242
-9239
-9237
-9235
-9231
-9227
-9226
-9217
-9215
-9214
-9213
-9209
-9206
-9203
-9202
-9195
-9193
-9191
-9190
-9187
-9182
-9181
-9173
-9170
-9169
-9165
-9159
-9158
-9154
-9151
-9149
-9147
-9143
-9138
-9137
-9129
-9127
-9121
-9118
-9115
-9110
-9107
-9106
-9105
-9103
-9094
-9093
-9085
-9083
-9082
-9077
-9074
-9071
-9070
-9066
-9062
-9061
-9059
-9055
-9049
-9041
-9039
-9038
-9037
-9035
-9033
-9030
-9026
-9023
-9022
-9019
-9017
-9015
-9011
-9010
-9006
-9005
-8997
-8995
-8994
-8989
-8986
-8983
-8977
-8971
-8962
-8961
-8953
-8951
-8949
-8945
-8943
-8942
-8939
-8938
-8934
-8931
-8929
-8927
-8923
-8922
-8917
-8909
-8907
-8906
-8905
-8903
-8898
-8895
-8894
-8890
-8887
-8886
-8885
-8879
-8873
-8863
-8862
-8861
-8857
-8854
-8851
-8846
-8843
-8841
-8839
-8835
-8830
-8823
-8821
-8819
-8818
-8817
-8813
-8810
-8807
-8806
-8799
-8797
-8795
-8791
-8786
-8785
-8777
-8774
-8773
-8769
-8763
-8762
-8758
-8755
-8753
-8751
-8747
-8742
-8741
-8733
-8731
-8729
-8719
-8718
-8714
-8711
-8709
-8707
-8698
-8697
-8690
-8689
-8687
-8686
-8681
-8678
-8674
-8665
-8663
-8659
-8654
-8653
-8645
-8643
-8642
-8641
-8637
-8634
-8630
-8626
-8623
-8621
-8615
-8610
-8609
-8607
-8601
-8599
-8598
-8597
-8593
-8590
-8587
-8582
-8579
-8571
-8566
-8565
-8557
-8555
-8554
-8553
-8549
-8546
-8543
-8542
-8538
-8535
-8533
-8531
-8527
-8522
-8521
-8519
-8513
-8511
-8510
-8509
-8502
-8499
-8498
-8494
-8491
-8489
-8483
-8479
-8471
-8467
-8466
-8465
-8462
-8461
-8458
-8455
-8454
-8447
-8445
-8443
-8439
-8434
-8423
-8422
-8421
-8417
-8414
-8411
-8403
-8401
-8399
-8395
-8390
-8389
-8378
-8377
-8373
-8367
-8366
-8363
-8362
-8359
-8357
-8355
-8354
-8351
-8346
-8345
-8337
-8335
-8333
-8329
-8326
-8323
-8322
-8319
-8318
-8315
-8313
-8311
-8302
-8301
-8293
-8291
-8290
-8287
-8285
-8282
-8279
-8278
-8274
-8269
-8267
-8263
-8258
-8257
-8249
-8247
-8246
-8245
-8241
-8238
-8234
-8230
-8227
-8223
-8219
-8213
-8210
-8205
-8203
-8202
-8201
-8197
-8194
-8191
-8186
-8179
-8173
-8170
-8169
-8161
-8159
-8158
-8157
-8153
-8147
-8146
-8142
-8139
-8137
-8135
-8131
-8126
-8117
-8115
-8114
-8113
-8106
-8103
-8102
-8098
-8095
-8093
-8087
-8086
-8081
-8071
-8070
-8069
-8065
-8062
-8059
-8058
-8054
-8051
-8049
-8047
-8043
-8038
-8029
-8027
-8026
-8021
-8018
-8015
-8014
-8007
-8005
-8003
-7999
-7994
-7993
-7991
-7990
-7985
-7982
-7981
-7977
-7973
-7971
-7970
-7966
-7963
-7961
-7959
-7958
-7955
-7953
-7949
-7941
-7939
-7937
-7933
-7930
-7927
-7926
-7922
-7919
-7917
-7915
-7906
-7905
-7897
-7895
-7894
-7886
-7883
-7882
-7878
-7873
-7871
-7867
-7862
-7861
-7854
-7853
-7851
-7849
-7845
-7842
-7838
-7834
-7831
-7829
-7827
-7826
-7823
-7818
-7817
-7809
-7807
-7806
-7805
-7801
-7798
-7795
-7790
-7787
-7783
-7782
-7779
-7773
-7765
-7763
-7762
-7761
-7757
-7754
-7751
-7746
-7743
-7741
-7739
-7735
-7733
-7730
-7729
-7721
-7719
-7718
-7717
-7714
-7710
-7709
-7707
-7706
-7702
-7699
-7698
-7697
-7691
-7689
-7685
-7674
-7673
-7669
-7667
-7666
-7663
-7662
-7658
-7655
-7653
-7651
-7647
-7646
-7642
-7633
-7631
-7630
-7629
-7622
-7619
-7618
-7611
-7609
-7607
-7603
-7598
-7597
-7589
-7586
-7585
-7574
-7570
-7567
-7565
-7563
-7562
-7559
-7554
-7553
-7545
-7543
-7541
-7538
-7537
-7534
-7531
-7530
-7527
-7526
-7523
-7521
-7519
-7510
-7509
-7503
-7501
-7499
-7498
-7493
-7490
-7487
-7486
-7482
-7477
-7471
-7467
-7466
-7465
-7462
-7457
-7455
-7454
-7453
-7451
-7449
-7446
-7438
-7435
-7433
-7431
-7427
-7423
-7422
-7421
-7413
-7411
-7410
-7409
-7405
-7402
-7394
-7391
-7387
-7383
-7378
-7377
-7369
-7367
-7366
-7365
-7363
-7361
-7358
-7355
-7354
-7349
-7347
-7345
-7343
-7339
-7334
-7333
-7323
-7322
-7321
-7314
-7311
-7310
-7306
-7303
-7295
-7289
-7279
-7278
-7277
-7274
-7273
-7270
-7266
-7262
-7259
-7257
-7255
-7251
-7246
-7237
-7235
-7234
-7233
-7229
-7226
-7223
-7222
-7215
-7213
-7211
-7207
-7202
-7201
-7193
-7190
-7189
-7185
-7181
-7179
-7178
-7174
-7171
-7169
-7167
-7163
-7162
-7158
-7157
-7153
-7149
-7147
-7145
-7141
-7138
-7135
-7134
-7130
-7127
-7123
-7114
-7113
-7106
-7103
-7102
-7097
-7094
-7091
-7090
-7087
-7086
-7081
-7079
-7070
-7069
-7061
-7059
-7058
-7057
-7053
-7046
-7042
-7039
-7037
-7035
-7034
-7031
-7026
-7017
-7015
-7014
-7013
-7009
-7006
-7003
-6998
-6995
-6991
-6987
-6982
-6981
-6973
-6971
-6970
-6969
-6965
-6959
-6954
-6951
-6949
-6947
-6943
-6938
-6937
-6927
-6926
-6922
-6918
-6917
-6915
-6914
-6910
-6907
-6905
-6899
-6893
-6883
-6882
-6881
-6874
-6871
-6870
-6866
-6863
-6861
-6855
-6842
-6841
-6839
-6838
-6837
-6833
-6830
-6827
-6826
-6819
-6817
-6815
-6806
-6805
-6797
-6794
-6793
-6789
-6783
-6782
-6778
-6773
-6771
-6767
-6766
-6761
-6758
-6753
-6751
-6749
-6745
-6742
-6739
-6738
-6734
-6731
-6729
-6721
-6719
-6718
-6717
-6709
-6707
-6706
-6701
-6698
-6695
-6694
-6690
-6685
-6683
-6681
-6679
-6674
-6673
-6670
-6665
-6663
-6662
-6661
-6657
-6654
-6646
-6643
-6641
-6639
-6635
-6630
-6629
-6621
-6619
-6618
-6617
-6613
-6610
-6607
-6602
-6599
-6595
-6586
-6585
-6577
-6574
-6573
-6571
-6569
-6563
-6562
-6558
-6555
-6553
-6551
-6547
-6542
-6541
-6535
-6533
-6531
-6530
-6529
-6527
-6522
-6519
-6518
-6514
-6511
-6509
-6503
-6497
-6487
-6486
-6485
-6481
-6478
-6477
-6474
-6470
-6467
-6465
-6463
-6459
-6455
-6454
-6445
-6443
-6442
-6441
-6437
-6434
-6431
-6430
-6423
-6421
-6415
-6410
-6409
-6401
-6398
-6397
-6393
-6387
-6386
-6382
-6379
-6377
-6371
-6366
-6365
-6362
-6357
-6355
-6353
-6349
-6346
-6343
-6342
-6338
-6335
-6333
-6331
-6322
-6313
-6311
-6310
-6305
-6302
-6299
-6298
-6294
-6289
-6287
-6283
-6278
-6277
-6274
-6269
-6267
-6266
-6265
-6261
-6259
-6258
-6254
-6247
-6245
-6243
-6239
-6234
-6233
-6222
-6221
-6217
-6214
-6211
-6207
-6206
-6203
-6199
-6195
-6190
-6189
-6181
-6179
-6178
-6177
-6173
-6170
-6167
-6166
-6162
-6159
-6157
-6155
-6151
-6146
-6145
-6135
-6134
-6133
-6126
-6123
-6122
-6118
-6117
-6115
-6114
-6113
-6110
-6107
-6101
-6091
-6090
-6089
-6085
-6082
-6079
-6078
-6074
-6071
-6067
-6063
-6058
-6054
-6053
-6049
-6047
-6046
-6045
-6041
-6038
-6035
-6034
-6031
-6023
-6022
-6019
-6017
-6014
-6013
-6005
-6002
-6001
-5999
-5997
-5991
-5990
-5986
-5983
-5981
-5979
-5970
-5969
-5961
-5959
-5957
-5955
-5953
-5951
-5947
-5946
-5942
-5941
-5939
-5937
-5935
-5933
-5926
-5917
-5914
-5909
-5906
-5903
-5902
-5898
-5893
-5891
-5882
-5881
-5873
-5871
-5870
-5869
-5865
-5862
-5858
-5854
-5851
-5849
-5847
-5843
-5838
-5837
-5834
-5830
-5829
-5827
-5826
-5821
-5818
-5815
-5810
-5807
-5803
-5799
-5794
-5793
-5790
-5785
-5783
-5781
-5777
-5774
-5771
-5770
-5763
-5761
-5759
-5755
-5753
-5749
-5741
-5739
-5738
-5737
-5730
-5727
-5726
-5722
-5721
-5719
-5717
-5711
-5705
-5695
-5694
-5693
-5689
-5686
-5683
-5682
-5678
-5673
-5671
-5667
-5666
-5665
-5662
-5653
-5651
-5649
-5646
-5645
-5642
-5639
-5638
-5631
-5629
-5627
-5626
-5623
-5617
-5609
-5606
-5605
-5601
-5595
-5594
-5590
-5587
-5585
-5583
-5579
-5574
-5573
-5565
-5563
-5561
-5557
-5554
-5551
-5546
-5543
-5541
-5539
-5530
-5529
-5521
-5519
-5518
-5514
-5513
-5510
-5507
-5506
-5502
-5497
-5495
-5486
-5485
-5477
-5474
-5473
-5469
-5466
-5462
-5458
-5455
-5453
-5451
-5447
-5442
-5441
-5433
-5431
-5430
-5429
-5422
-5419
-5414
-5411
-5407
-5406
-5403
-5398
-5397
-5394
-5389
-5387
-5386
-5385
-5381
-5378
-5374
-5370
-5367
-5365
-5363
-5359
-5358
-5354
-5353
-5345
-5343
-5342
-5334
-5331
-5330
-5326
-5323
-5321
-5317
-5315
-5309
-5299
-5298
-5297
-5293
-5289
-5287
-5286
-5282
-5279
-5277
-5271
-5266
-5257
-5255
-5254
-5253
-5249
-5246
-5242
-5235
-5233
-5231
-5227
-5222
-5221
-5213
-5210
-5209
-5205
-5199
-5198
-5191
-5189
-5187
-5183
-5178
-5177
-5170
-5169
-5167
-5165
-5161
-5158
-5155
-5154
-5147
-5143
-5134
-5133
-5131
-5126
-5123
-5122
-5117
-5114
-5111
-5110
-5106
-5101
-5099
-5095
-5090
-5089
-5081
-5079
-5078
-5077
-5073
-5071
-5066
-5062
-5061
-5059
-5057
-5055
-5053
-5051
-5045
-5037
-5035
-5034
-5033
-5030
-5029
-5026
-5023
-5018
-5015
-5011
-5007
-5002
-5001
-4997
-4993
-4991
-4990
-4989
-4985
-4982
-4979
-4978
-4974
-4971
-4969
-4967
-4963
-4958
-4957
-4947
-4946
-4945
-4943
-4938
-4935
-4934
-4931
-4930
-4927
-4926
-4919
-4903
-4902
-4897
-4894
-4891
-4890
-4886
-4883
-4881
-4879
-4870
-4862
-4861
-4859
-4858
-4857
-4853
-4847
-4846
-4839
-4837
-4835
-4831
-4826
-4817
-4814
-4813
-4809
-4807
-4803
-4798
-4795
-4793
-4791
-4789
-4787
-4786
-4782
-4781
-4773
-4771
-4769
-4766
-4765
-4762
-4759
-4758
-4754
-4751
-4749
-4747
-4745
-4738
-4737
-4730
-4729
-4727
-4726
-4722
-4721
-4718
-4715
-4714
-4710
-4705
-4703
-4699
-4694
-4685
-4683
-4682
-4681
-4677
-4674
-4670
-4666
-4663
-4661
-4659
-4649
-4641
-4639
-4638
-4637
-4633
-4630
-4627
-4622
-4619
-4615
-4613
-4611
-4607
-4605
-4597
-4595
-4594
-4593
-4589
-4586
-4583
-4582
-4578
-4573
-4571
-4567
-4562
-4561
-4558
-4553
-4551
-4549
-4546
-4542
-4539
-4538
-4535
-4534
-4531
-4530
-4529
-4523
-4517
-4507
-4506
-4505
-4501
-4498
-4495
-4494
-4490
-4487
-4486
-4485
-4483
-4479
-4474
-4465
-4463
-4462
-4461
-4457
-4454
-4451
-4443
-4441
-4439
-4435
-4430
-4429
-4421
-4417
-4413
-4407
-4406
-4403
-4402
-4399
-4397
-4395
-4391
-4386
-4385
-4377
-4373
-4369
-4366
-4363
-4362
-4358
-4355
-4353
-4351
-4346
-4342
-4341
-4333
-4331
-4330
-4322
-4319
-4318
-4314
-4309
-4307
-4303
-4298
-4297
-4289
-4287
-4286
-4285
-4281
-4278
-4274
-4270
-4267
-4265
-4259
-4254
-4253
-4245
-4243
-4242
-4241
-4237
-4234
-4233
-4231
-4226
-4223
-4219
-4215
-4210
-4209
-4201
-4199
-4198
-4197
-4193
-4191
-4190
-4187
-4186
-4182
-4179
-4177
-4171
-4166
-4162
-4157
-4155
-4154
-4153
-4146
-4143
-4142
-4138
-4135
-4133
-4127
-4121
-4111
-4110
-4109
-4105
-4102
-4099
-4098
-4094
-4091
-4089
-4087
-4083
-4079
-4078
-4069
-4066
-4065
-4061
-4058
-4055
-4054
-4047
-4045
-4043
-4039
-4038
-4034
-4033
-4022
-4021
-4017
-4015
-4011
-4010
-4006
-4003
-4001
-3999
-3998
-3995
-3991
-3990
-3989
-3981
-3979
-3977
-3973
-3970
-3967
-3966
-3962
-3959
-3957
-3955
-3946
-3945
-3941
-3937
-3935
-3934
-3929
-3927
-3926
-3923
-3922
-3918
-3913
-3911
-3907
-3902
-3901
-3893
-3891
-3890
-3889
-3885
-3882
-3878
-3877
-3874
-3869
-3867
-3863
-3858
-3857
-3854
-3849
-3847
-3846
-3845
-3841
-3838
-3835
-3830
-3829
-3827
-3823
-3819
-3818
-3817
-3814
-3813
-3806
-3805
-3803
-3802
-3801
-3797
-3794
-3791
-3790
-3786
-3783
-3781
-3779
-3770
-3769
-3761
-3759
-3758
-3747
-3746
-3742
-3739
-3737
-3731
-3715
-3714
-3713
-3709
-3706
-3702
-3695
-3693
-3691
-3689
-3687
-3683
-3682
-3673
-3671
-3670
-3669
-3667
-3665
-3662
-3659
-3658
-3655
-3653
-3651
-3649
-3647
-3643
-3638
-3637
-3629
-3623
-3621
-3615
-3614
-3607
-3605
-3603
-3601
-3599
-3594
-3593
-3585
-3583
-3581
-3574
-3571
-3570
-3567
-3566
-3563
-3561
-3559
-3541
-3539
-3538
-3533
-3530
-3527
-3526
-3522
-3517
-3515
-3511
-3506
-3505
-3498
-3497
-3495
-3494
-3493
-3489
-3486
-3482
-3478
-3473
-3471
-3467
-3462
-3461
-3458
-3453
-3451
-3449
-3445
-3442
-3439
-3434
-3431
-3427
-3423
-3418
-3417
-3409
-3407
-3406
-3405
-3401
-3399
-3398
-3395
-3394
-3390
-3387
-3385
-3383
-3379
-3374
-3373
-3367
-3365
-3363
-3361
-3354
-3353
-3351
-3346
-3343
-3341
-3335
-3329
-3319
-3318
-3317
-3313
-3310
-3307
-3306
-3302
-3299
-3297
-3295
-3291
-3286
-3282
-3277
-3274
-3273
-3269
-3266
-3263
-3262
-3255
-3253
-3251
-3247
-3242
-3241
-3239
-3233
-3230
-3229
-3223
-3219
-3218
-3214
-3209
-3207
-3203
-3198
-3197
-3189
-3187
-3181
-3178
-3170
-3167
-3165
-3163
-3154
-3153
-3145
-3143
-3142
-3139
-3137
-3135
-3134
-3131
-3130
-3126
-3121
-3119
-3118
-3115
-3110
-3109
-3103
-3101
-3099
-3098
-3097
-3093
-3090
-3086
-3082
-3079
-3077
-3071
-3066
-3065
-3057
-3055
-3054
-3053
-3049
-3046
-3043
-3035
-3031
-3027
-3022
-3021
-3013
-3011
-3010
-3009
-3005
-3002
-2999
-2998
-2994
-2991
-2987
-2983
-2981
-2978
-2977
-2969
-2967
-2966
-2965
-2959
-2958
-2955
-2954
-2947
-2945
-2942
-2939
-2933
-2929
-2926
-2923
-2922
-2921
-2919
-2917
-2914
-2911
-2910
-2906
-2903
-2901
-2899
-2895
-2881
-2879
-2878
-2877
-2870
-2869
-2867
-2866
-2859
-2857
-2855
-2851
-2846
-2845
-2843
-2838
-2837
-2834
-2833
-2830
-2829
-2823
-2822
-2818
-2815
-2813
-2811
-2810
-2807
-2802
-2801
-2791
-2789
-2785
-2782
-2779
-2778
-2777
-2774
-2771
-2769
-2767
-2758
-2757
-2751
-2749
-2747
-2746
-2743
-2741
-2735
-2734
-2730
-2729
-2723
-2722
-2719
-2714
-2713
-2705
-2703
-2702
-2701
-2697
-2694
-2690
-2686
-2683
-2681
-2679
-2678
-2670
-2669
-2661
-2659
-2658
-2657
-2653
-2647
-2642
-2639
-2635
-2631
-2626
-2618
-2617
-2615
-2614
-2613
-2609
-2606
-2603
-2602
-2598
-2595
-2593
-2591
-2587
-2585
-2582
-2581
-2573
-2571
-2570
-2569
-2562
-2559
-2558
-2554
-2551
-2549
-2543
-2537
-2526
-2521
-2518
-2515
-2514
-2510
-2507
-2505
-2503
-2498
-2494
-2485
-2483
-2482
-2481
-2477
-2474
-2471
-2470
-2463
-2461
-2459
-2455
-2449
-2441
-2438
-2437
-2433
-2427
-2426
-2422
-2419
-2417
-2415
-2411
-2409
-2407
-2406
-2405
-2398
-2397
-2395
-2393
-2389
-2386
-2383
-2382
-2378
-2373
-2371
-2362
-2361
-2353
-2351
-2345
-2342
-2339
-2338
-2334
-2330
-2329
-2327
-2323
-2321
-2319
-2318
-2317
-2309
-2307
-2306
-2305
-2301
-2298
-2294
-2290
-2287
-2285
-2283
-2282
-2279
-2274
-2273
-2265
-2263
-2262
-2261
-2257
-2255
-2251
-2247
-2246
-2243
-2239
-2237
-2235
-2230
-2229
-2226
-2221
-2219
-2218
-2217
-2213
-2210
-2207
-2206
-2202
-2199
-2195
-2191
-2189
-2186
-2185
-2177
-2174
-2173
-2163
-2162
-2159
-2158
-2155
-2153
-2147
-2141
-2131
-2130
-2129
-2126
-2122
-2119
-2118
-2114
-2111
-2109
-2103
-2098
-2093
-2089
-2087
-2086
-2085
-2081
-2078
-2074
-2071
-2067
-2065
-2063
-2059
-2054
-2053
-2045
-2042
-2041
-2039
-2037
-2031
-2030
-2026
-2021
-2019
-2015
-2010
-2001
-1999
-1997
-1993
-1990
-1987
-1986
-1985
-1982
-1981
-1979
-1977
-1966
-1965
-1957
-1955
-1954
-1949
-1946
-1943
-1942
-1938
-1933
-1931
-1930
-1927
-1921
-1913
-1910
-1909
-1905
-1902
-1898
-1894
-1891
-1889
-1887
-1883
-1878
-1877
-1869
-1867
-1866
-1865
-1861
-1858
-1855
-1847
-1843
-1841
-1839
-1834
-1833
-1823
-1822
-1821
-1817
-1814
-1811
-1810
-1806
-1803
-1801
-1799
-1798
-1795
-1790
-1789
-1786
-1781
-1779
-1778
-1777
-1774
-1770
-1767
-1766
-1762
-1761
-1759
-1757
-1753
-1751
-1749
-1745
-1739
-1735
-1733
-1729
-1726
-1723
-1722
-1718
-1714
-1713
-1711
-1707
-1702
-1693
-1691
-1689
-1685
-1679
-1678
-1671
-1669
-1667
-1663
-1662
-1658
-1657
-1649
-1646
-1645
-1643
-1641
-1635
-1634
-1630
-1627
-1623
-1622
-1619
-1614
-1613
-1605
-1603
-1601
-1597
-1594
-1591
-1590
-1586
-1583
-1581
-1579
-1570
-1569
-1567
-1561
-1559
-1558
-1553
-1547
-1546
-1542
-1537
-1535
-1531
-1526
-1517
-1515
-1514
-1513
-1509
-1506
-1502
-1498
-1497
-1495
-1493
-1491
-1487
-1486
-1482
-1481
-1478
-1473
-1471
-1469
-1465
-1462
-1459
-1454
-1451
-1447
-1443
-1438
-1437
-1429
-1427
-1426
-1418
-1415
-1414
-1410
-1407
-1405
-1403
-1399
-1398
-1394
-1393
-1385
-1383
-1382
-1381
-1378
-1374
-1371
-1370
-1367
-1366
-1363
-1361
-1355
-1349
-1342
-1339
-1338
-1337
-1333
-1330
-1327
-1326
-1322
-1319
-1318
-1317
-1315
-1311
-1306
-1297
-1295
-1294
-1293
-1289
-1286
-1283
-1282
-1273
-1271
-1267
-1263
-1262
-1261
-1253
-1249
-1245
-1239
-1238
-1234
-1231
-1229
-1227
-1223
-1218
-1217
-1214
-1209
-1207
-1205
-1201
-1198
-1195
-1194
-1190
-1189
-1187
-1185
-1182
-1174
-1173
-1165
-1163
-1162
-1157
-1154
-1151
-1146
-1141
-1139
-1135
-1130
-1129
-1123
-1121
-1119
-1118
-1117
-1113
-1110
-1109
-1106
-1102
-1099
-1097
-1095
-1091
-1086
-1085
-1077
-1074
-1073
-1069
-1066
-1063
-1055
-1051
-1047
-1042
-1041
-1037
-1033
-1031
-1030
-1022
-1019
-1018
-1011
-1009
-1007
-1006
-1003
-1001
-998
-997
-989
-987
-986
-985
-982
-978
-974
-970
-967
-965
-959
-953
-943
-942
-941
-937
-934
-930
-926
-923
-921
-919
-917
-915
-910
-901
-899
-898
-897
-893
-890
-887
-886
-879
-878
-877
-871
-866
-865
-857
-854
-853
-849
-843
-842
-838
-835
-831
-830
-827
-822
-821
-815
-813
-811
-809
-805
-803
-802
-799
-798
-794
-791
-789
-787
-779
-778
-777
-769
-767
-766
-761
-758
-755
-754
-745
-743
-739
-734
-733
-723
-721
-717
-714
-710
-706
-703
-701
-699
-695
-690
-689
-683
-681
-679
-678
-677
-673
-671
-670
-667
-662
-659
-655
-651
-646
-645
-638
-635
-634
-633
-629
-626
-623
-622
-618
-615
-613
-611
-607
-602
-601
-599
-593
-591
-590
-589
-582
-579
-574
-571
-569
-566
-563
-557
-547
-546
-545
-541
-538
-535
-534
-530
-527
-523
-519
-514
-505
-503
-502
-501
-497
-494
-491
-489
-483
-482
-481
-479
-474
-470
-469
-461
-458
-457
-455
-453
-447
-446
-442
-439
-437
-435
-431
-426
-422
-421
-417
-415
-413
-409
-406
-403
-402
-401
-398
-395
-394
-393
-391
-386
-382
-381
-373
-371
-370
-365
-362
-359
-358
-354
-349
-347
-346
-337
-329
-327
-326
-321
-319
-318
-314
-310
-307
-305
-303
-299
-293
-290
-285
-283
-282
-281
-277
-274
-271
-266
-263
-259
-255
-249
-241
-239
-238
-237
-233
-230
-227
-226
-222
-219
-218
-217
-215
-211
-209
-206
-205
-197
-195
-194
-193
-186
-183
-182
-178
-173
-167
-166
-161
-159
-151
-149
-145
-143
-142
-139
-138
-134
-131
-129
-127
-123
-122
-119
-118
-109
-107
-106
-105
-103
-101
-95
-94
-87
-86
-85
-83
-79
-74
-73
-65
-62
-61
-57
-51
-47
-46
-43
-41
-39
-35
-30
-29
-21
-19
-17
-13
-10
-7
-6
-2
2
6
7
10
11
13
17
19
21
22
29
30
33
35
39
41
43
46
51
55
57
58
61
62
65
66
73
74
77
79
83
85
86
87
91
94
95
101
105
106
107
109
110
118
119
122
123
127
129
131
134
138
139
142
143
145
149
151
154
158
161
163
165
166
167
173
174
178
182
183
186
187
193
194
195
197
205
206
209
211
215
217
219
222
226
227
230
231
233
237
238
239
241
249
253
255
259
263
265
266
271
273
274
277
281
282
283
285
286
293
299
302
303
305
307
310
314
318
319
321
326
327
329
330
337
341
347
349
354
358
359
362
365
370
371
373
374
381
382
385
391
393
394
395
398
401
402
403
406
407
409
413
415
417
418
419
421
426
429
431
435
437
439
442
446
447
451
453
457
458
461
462
466
469
470
473
478
479
481
482
483
491
494
497
499
501
502
503
505
506
514
517
519
523
527
530
534
535
538
541
545
546
547
553
557
561
562
563
569
571
574
579
582
583
589
590
591
593
595
601
602
607
611
613
615
617
618
622
623
626
627
629
633
634
635
638
645
646
649
651
654
655
658
659
662
667
670
671
673
677
678
679
681
682
689
690
695
697
699
701
703
705
706
710
714
715
717
721
723
733
734
737
739
743
745
749
754
755
758
759
761
766
767
769
770
771
777
778
781
787
789
791
794
798
799
802
803
805
809
811
813
814
817
818
821
822
827
830
831
835
838
842
843
849
853
854
857
858
863
865
866
869
871
877
879
886
887
890
893
897
898
899
901
902
907
910
913
915
919
921
923
926
930
933
934
935
937
941
942
943
946
953
957
959
965
967
970
974
978
979
982
985
986
987
989
997
998
1001
1003
1006
1007
1009
1011
1018
1019
1022
1023
1030
1031
1033
1034
1038
1041
1042
1043
1045
1047
1051
1055
1057
1063
1066
1067
1069
1073
1074
1077
1081
1085
1086
1087
1090
1091
1094
1095
1097
1099
1102
1106
1109
1110
1111
1113
1117
1118
1119
1121
1122
1126
1129
1130
1133
1135
1138
1139
1141
1142
1146
1151
1154
1155
1157
1162
1163
1165
1166
1173
1174
1177
1182
1185
1187
1190
1194
1195
1198
1199
1201
1205
1207
1209
1217
1218
1221
1222
1223
1226
1227
1229
1231
1234
1238
1239
1243
1245
1249
1253
1254
1257
1261
1262
1263
1265
1266
1267
1271
1273
1282
1283
1286
1289
1293
1294
1295
1297
1298
1306
1309
1311
1313
1315
1317
1319
1322
1326
1327
1330
1333
1334
1337
1338
1339
1342
1345
1349
1353
1355
1361
1363
1366
1370
1371
1374
1378
1381
1382
1383
1385
1387
1393
1394
1397
1399
1403
1405
1407
1410
1411
1414
1415
1418
1419
1426
1427
1429
1430
1437
1438
1441
1443
1447
1451
1454
1457
1459
1462
1463
1465
1469
1471
1473
1474
1481
1482
1486
1487
1491
1493
1495
1498
1502
1506
1507
1509
1513
1514
1515
1517
1518
1526
1529
1531
1535
1537
1542
1543
1546
1547
1551
1553
1558
1559
1561
1562
1569
1570
1574
1579
1581
1583
1586
1590
1591
1594
1595
1597
1601
1603
1605
1606
1613
1614
1619
1623
1627
1630
1634
1635
1639
1641
1645
1646
1649
1657
1658
1661
1663
1667
1669
1671
1678
1679
1685
1689
1691
1693
1697
1702
1705
1707
1711
1713
1718
1722
1723
1726
1727
1729
1733
1735
1738
1745
1749
1751
1753
1757
1759
1762
1766
1767
1770
1771
1774
1777
1778
1779
1781
1789
1790
1793
1795
1799
1801
1803
1806
1807
1810
1811
1814
1817
1821
1822
1823
1826
1830
1833
1834
1837
1838
1839
1841
1843
1847
1855
1858
1861
1865
1866
1867
1869
1870
1877
1878
1882
1883
1887
1889
1891
1894
1897
1898
1902
1903
1905
1909
1910
1913
1914
1921
1927
1931
1933
1934
1937
1938
1942
1943
1946
1947
1949
1954
1955
1957
1958
1965
1966
1969
1974
1977
1979
1982
1985
1986
1987
1990
1991
1993
1997
1999
2001
2002
2010
2013
2015
2018
2019
2021
2026
2030
2031
2033
2035
2037
2038
2041
2042
2045
2046
2053
2054
2059
2063
2065
2067
2074
2078
2081
2085
2086
2087
2089
2090
2091
2095
2098
2101
2103
2109
2111
2114
2118
2119
2122
2123
2129
2130
2131
2134
2138
2141
2145
2147
2153
2155
2158
2162
2163
2167
2171
2173
2174
2177
2182
2185
2186
2189
2191
2193
2195
2199
2202
2206
2207
2210
2211
2213
2217
2218
2219
2221
2222
2227
2229
2230
2233
2235
2239
2243
2246
2251
2255
2257
2261
2262
2263
2265
2266
2273
2274
2279
2283
2285
2287
2290
2294
2298
2301
2305
2306
2307
2309
2310
2317
2318
2321
2323
2327
2329
2334
2338
2339
2342
2343
2345
2351
2353
2354
2361
2362
2365
2371
2373
2378
2382
2383
2386
2387
2389
2390
2393
2395
2397
2398
2405
2406
2409
2410
2411
2415
2417
2419
2422
2426
2427
2431
2433
2437
2438
2441
2442
2449
2451
2453
2455
2459
2461
2463
2470
2471
2474
2477
2481
2482
2483
2485
2486
2489
2491
2494
2497
2503
2505
2507
2510
2514
2515
2518
2519
2521
2526
2530
2537
2539
2543
2549
2551
2554
2558
2559
2562
2563
2569
2570
2571
2573
2579
2581
2582
2585
2587
2591
2593
2595
2598
2602
2603
2606
2607
2609
2613
2614
2615
2617
2618
2623
2626
2629
2631
2635
2639
2642
2647
2651
2653
2657
2658
2659
2661
2669
2670
2679
2681
2683
2686
2690
2694
2697
2701
2702
2703
2705
2706
2713
2714
2717
2719
2723
2730
2731
2734
2735
2737
2739
2741
2742
2746
2747
2749
2757
2758
2761
2766
2767
2769
2771
2774
2778
2779
2782
2785
2789
2791
2794
2801
2802
2805
2806
2807
2811
2813
2815
2818
2822
2823
2827
2829
2833
2834
2837
2838
2845
2846
2849
2851
2855
2857
2859
2866
2867
2870
2877
2878
2879
2881
2882
2893
2895
2897
2899
2901
2903
2906
2910
2911
2914
2915
2917
2921
2922
2923
2926
2933
2935
2937
2939
2945
2947
2954
2955
2958
2959
2962
2965
2966
2967
2969
2977
2978
2981
2983
2987
2991
2994
2998
2999
3002
3003
3005
3009
3010
3011
3013
3014
3018
3021
3022
3027
3029
3031
3035
3043
3046
3047
3049
3053
3054
3055
3057
3058
3065
3066
3071
3077
3079
3082
3086
3090
3091
3093
3097
3098
3099
3101
3102
3103
3109
3110
3113
3115
3118
3119
3121
3126
3129
3130
3131
3134
3135
3137
3142
3143
3145
3153
3154
3157
3163
3165
3166
3167
3170
3178
3181
3187
3189
3190
3191
3193
3197
3198
3201
3203
3207
3209
3214
3218
3219
3223
3229
3230
3233
3238
3241
3242
3245
3247
3251
3253
3255
3262
3263
3266
3269
3273
3274
3277
3278
3282
3286
3289
3291
3295
3297
3299
3302
3306
3307
3310
3311
3313
3317
3318
3319
3322
3329
3333
3335
3341
3343
3346
3351
3354
3355
3361
3363
3365
3369
3373
3374
3377
3379
3383
3385
3387
3390
3394
3395
3398
3399
3401
3405
3406
3407
3409
3410
3417
3418
3421
3423
3427
3431
3433
3434
3439
3442
3443
3445
3449
3451
3453
3454
3461
3462
3467
3471
3473
3478
3482
3486
3487
3489
3493
3494
3495
3497
3498
3505
3506
3511
3515
3517
3522
3526
3527
3530
3531
3533
3538
3539
3541
3542
3543
3551
3553
3558
3559
3561
3563
3566
3569
3570
3571
3574
3581
3583
3585
3586
3593
3594
3597
3598
3599
3601
3603
3605
3607
3613
3614
3615
3619
3621
3629
3637
3638
3641
3642
3643
3647
3649
3651
3658
3659
3661
3662
3665
3669
3670
3671
3673
3674
3682
3685
3687
3689
3691
3693
3695
3702
3706
3707
3709
3710
3713
3714
3715
3722
3729
3731
3733
3737
3739
3742
3746
3747
3758
3759
3761
3769
3770
3779
3781
3782
3783
3786
3790
3791
3793
3794
3795
3797
3801
3802
3803
3805
3806
3813
3814
3817
3818
3819
3823
3827
3830
3835
3838
3839
3841
3845
3846
3847
3849
3857
3858
3863
3865
3867
3869
3873
3874
3878
3882
3883
3885
3889
3890
3891
3893
3894
3901
3902
3905
3907
3911
3913
3918
3921
3922
3923
3926
3927
3929
3934
3935
3937
3938
3945
3946
3949
3954
3955
3957
3959
3962
3966
3967
3970
3973
3974
3977
3979
3981
3982
3989
3990
3991
3995
3997
3998
3999
4001
4002
4003
4006
4010
4011
4015
4017
4021
4022
4026
4033
4034
4037
4038
4039
4043
4045
4047
4054
4055
4058
4061
4065
4066
4069
4070
4078
4081
4083
4085
4087
4089
4091
4094
4097
4098
4099
4102
4103
4105
4109
4110
4111
4121
4126
4127
4133
4135
4138
4142
4143
4146
4147
4153
4154
4155
4157
4166
4169
4171
4177
4179
4182
4186
4187
4190
4191
4193
4197
4198
4199
4201
4202
4209
4210
4213
4215
4219
4223
4226
4231
4233
4234
4237
4241
4242
4243
4245
4246
4249
4253
4254
4259
4265
4267
4270
4274
4278
4279
4281
4285
4286
4287
4289
4290
4297
4298
4301
4303
4307
4309
4314
4318
4319
4321
4322
4323
4330
4331
4333
4334
4341
4342
4345
4351
4353
4354
4355
4358
4362
4363
4366
4367
4369
4373
4377
4378
4385
4386
4389
4391
4395
4397
4399
4402
4403
4406
4407
4411
4413
4417
4421
4422
4429
4430
4433
4435
4439
4441
4443
4451
4454
4457
4461
4462
4463
4465
4466
4474
4479
4481
4483
4485
4487
4490
4494
4495
4498
4499
4501
4505
4506
4507
4510
4517
4521
4522
4523
4529
4531
4534
4538
4539
4542
4543
4549
4551
4553
4555
4558
4561
4562
4565
4567
4570
4571
4573
4577
4578
4582
4583
4586
4587
4589
4591
4593
4594
4595
4597
4605
4609
4611
4615
4619
4622
4627
4630
4631
4633
4637
4638
4639
4641
4642
4649
4659
4661
4663
4665
4666
4670
4673
4674
4677
4681
4682
4683
4685
4686
4694
4697
4699
4701
4703
4705
4710
4714
4715
4718
4721
4726
4727
4729
4730
4737
4738
4741
4745
4747
4749
4751
4754
4758
4759
4762
4763
4765
4766
4769
4771
4773
4774
4781
4782
4785
4786
4787
4789
4791
4793
4794
4795
4798
4803
4807
4809
4813
4814
4817
4818
4826
4829
4831
4834
4835
4837
4839
4841
4843
4846
4847
4849
4853
4857
4858
4859
4861
4862
4865
4870
4873
4879
4881
4883
4886
4890
4891
4894
4895
4897
4902
4903
4906
4917
4919
4927
4930
4934
4935
4938
4939
4945
4946
4947
4953
4957
4958
4963
4967
4969
4971
4974
4978
4979
4981
4982
4983
4985
4989
4990
4991
4993
4994
5001
5002
5005
5007
5011
5015
5018
5023
5026
5027
5029
5033
5034
5035
5037
5038
5045
5051
5055
5057
5059
5061
5062
5066
5071
5073
5074
5077
5078
5079
5081
5089
5090
5093
5095
5099
5101
5106
5107
5109
5110
5111
5114
5115
5117
5118
5122
5123
5126
5133
5134
5137
5143
5147
5154
5155
5158
5159
5161
5165
5167
5169
5170
5173
5177
5178
5181
5183
5185
5187
5189
5191
5198
5199
5205
5209
5210
5213
5214
5215
5218
5221
5222
5227
5231
5233
5235
5242
5246
5249
5253
5254
5255
5257
5258
5263
5266
5269
5271
5277
5278
5279
5282
5286
5287
5289
5291
5293
5297
5298
5299
5302
5309
5313
5315
5321
5323
5326
5330
5331
5334
5335
5342
5343
5345
5353
5354
5357
5359
5363
5365
5367
5369
5370
5371
5374
5378
5379
5381
5383
5385
5386
5387
5389
5397
5398
5401
5403
5406
5407
5411
5414
5419
5422
5423
5429
5430
5431
5433
5434
5441
5442
5447
5451
5453
5455
5458
5459
5462
5466
5467
5469
5473
5474
5477
5478
5482
5483
5485
5486
5489
5495
5497
5502
5506
5507
5510
5511
5513
5518
5519
5521
5522
5527
5529
5530
5533
5539
5541
5543
5545
5546
5551
5554
5555
5557
5561
5563
5565
5573
5574
5578
5579
5583
5585
5587
5590
5594
5595
5599
5601
5605
5606
5609
5610
5615
5617
5621
5623
5627
5629
5630
5631
5638
5639
5642
5645
5649
5651
5653
5654
5662
5665
5666
5667
5671
5673
5677
5678
5682
5683
5686
5689
5693
5694
5695
5698
5705
5709
5711
5717
5719
5722
5726
5727
5730
5731
5737
5738
5739
5741
5749
5753
5755
5759
5761
5763
5770
5771
5774
5777
5781
5783
5785
5786
5793
5794
5797
5799
5801
5803
5806
5807
5810
5815
5818
5821
5826
5827
5829
5830
5837
5838
5843
5847
5849
5851
5854
5858
5862
5863
5865
5869
5870
5871
5873
5874
5881
5882
5885
5891
5893
5898
5902
5903
5906
5907
5909
5914
5917
5918
5926
5930
5933
5935
5937
5939
5941
5942
5943
5946
5947
5951
5953
5957
5959
5961
5962
5969
5970
5971
5973
5977
5979
5981
5983
5986
5990
5991
5995
5997
6001
6002
6005
6006
6007
6013
6014
6017
6019
6023
6034
6035
6038
6041
6042
6045
6046
6047
6049
6058
6061
6063
6067
6071
6074
6078
6079
6082
6083
6085
6089
6090
6091
6094
6099
6101
6105
6107
6113
6115
6118
6122
6123
6126
6127
6133
6134
6135
6145
6146
6149
6151
6155
6157
6159
6162
6166
6167
6169
6170
6173
6177
6178
6179
6181
6182
6185
6189
6190
6193
6194
6195
6199
6203
6206
6211
6214
6215
6217
6221
6222
6226
6233
6234
6239
6243
6245
6247
6254
6258
6259
6261
6265
6266
6267
6269
6270
6274
6277
6278
6281
6283
6287
6289
6294
6298
6299
6302
6303
6305
6310
6311
6313
6314
6322
6331
6333
6335
6337
6338
6342
6343
6346
6347
6349
6353
6355
6357
6362
6365
6366
6369
6371
6377
6378
6379
6382
6386
6387
6391
6393
6397
6398
6401
6402
6409
6410
6415
6418
6421
6423
6430
6431
6434
6437
6438
6441
6442
6443
6445
6446
6454
6457
6459
6463
6465
6466
6467
6470
6474
6478
6479
6481
6485
6486
6487
6490
6497
6501
6503
6509
6511
6514
6518
6519
6522
6523
6529
6530
6531
6533
6541
6542
6545
6547
6551
6553
6555
6558
6562
6563
6567
6569
6573
6574
6577
6578
6585
6586
6587
6589
6595
6599
6602
6607
6610
6611
6613
6617
6618
6619
6621
6622
6626
6629
6630
6635
6639
6641
6643
6646
6649
6654
6657
6661
6662
6663
6665
6666
6673
6674
6677
6679
6681
6682
6683
6685
6690
6694
6695
6698
6699
6701
6706
6707
6709
6710
6717
6718
6721
6729
6731
6734
6738
6739
6742
6743
6745
6749
6751
6753
6754
6761
6765
6767
6771
6773
6778
6779
6782
6783
6787
6789
6793
6794
6797
6798
6805
6806
6809
6815
6817
6819
6826
6827
6830
6833
6837
6838
6839
6841
6842
6853
6855
6861
6862
6863
6866
6870
6871
6874
6881
6882
6883
6886
6893
6899
6901
6905
6907
6910
6914
6915
6917
6918
6919
6922
6926
6927
6937
6938
6941
6943
6947
6949
6951
6954
6959
6961
6963
6965
6969
6970
6971
6973
6974
6981
6982
6985
6986
6987
6991
6994
6995
6998
7001
7003
7006
7009
7013
7014
7015
7017
7026
7031
7035
7037
7039
7042
7043
7046
7049
7051
7053
7057
7058
7059
7061
7062
7069
7070
7073
7079
7081
7086
7087
7090
7091
7093
7094
7095
7097
7102
7103
7106
7107
7111
7113
7114
7117
7123
7127
7130
7134
7135
7138
7141
7145
7147
7149
7157
7158
7161
7163
7165
7167
7169
7170
7171
7174
7177
7178
7179
7183
7185
7189
7190
7193
7194
7195
7201
7202
7205
7207
7211
7213
7215
7221
7222
7223
7226
7229
7233
7234
7235
7237
7238
7246
7249
7251
7255
7257
7259
7262
7266
7270
7271
7273
7277
7278
7279
7282
7289
7293
7295
7303
7306
7310
7311
7314
7315
7318
7321
7322
7323
7330
7331
7333
7334
7337
7339
7343
7345
7347
7354
7355
7358
7359
7361
7365
7366
7367
7369
7370
7377
7378
7383
7387
7390
7391
7394
7402
7403
7405
7409
7410
7411
7413
7414
7421
7422
7426
7427
7431
7433
7435
7438
7446
7447
7449
7453
7454
7455
7457
7458
7462
7465
7466
7469
7471
7477
7482
7486
7487
7490
7491
7493
7498
7499
7501
7509
7510
7513
7519
7521
7523
7526
7530
7531
7534
7535
7537
7541
7543
7545
7553
7554
7557
7559
7563
7565
7567
7570
7574
7579
7585
7586
7589
7590
7597
7598
7601
7603
7607
7609
7611
7618
7619
7622
7629
7630
7631
7633
7634
7642
7645
7647
7649
7651
7653
7655
7658
7662
7663
7666
7667
7669
7673
7674
7678
7685
7689
7691
7697
7699
7702
7706
7707
7710
7711
7714
7717
7718
7719
7721
7729
7730
7733
7735
7737
7739
7741
7743
7746
7751
7754
7755
7757
7761
7762
7763
7765
7766
7773
7777
7779
7782
7783
7787
7790
7795
7798
7799
7801
7805
7806
7807
7809
7810
7813
7817
7818
7819
7823
7826
7827
7829
7831
7834
7837
7838
7842
7843
7845
7849
7851
7853
7854
7861
7862
7867
7871
7873
7878
7882
7883
7886
7887
7894
7895
7897
7898
7905
7906
7909
7913
7915
7917
7919
7922
7926
7927
7930
7931
7933
7937
7939
7941
7949
7953
7955
7959
7961
7963
7966
7970
7971
7977
7981
7982
7985
7993
7994
7997
7998
7999
8003
8005
8007
8013
8014
8015
8018
8021
8026
8027
8029
8030
8033
8034
8038
8041
8043
8047
8049
8051
8054
8058
8059
8062
8063
8065
8069
8070
8071
8074
8081
8087
8093
8095
8098
8099
8102
8103
8106
8113
8114
8115
8117
8126
8129
8131
8135
8137
8139
8142
8146
8147
8151
8153
8157
8158
8159
8161
8162
8169
8170
8173
8179
8186
8191
8194
8195
8197
8198
8201
8202
8203
8205
8206
8213
8218
8219
8223
8227
8230
8234
8238
8239
8241
8245
8246
8247
8249
8257
8258
8261
8263
8266
8267
8269
8274
8278
8279
8282
8283
8285
8290
8291
8293
8294
8301
8302
8305
8311
8313
8315
8318
8321
8322
8323
8326
8327
8329
8333
8335
8337
8338
8345
8346
8351
8355
8357
8359
8362
8366
8367
8371
8373
8374
8377
8378
8382
8389
8390
8393
8395
8399
8401
8403
8411
8414
8417
8421
8422
8423
8426
8430
8434
8437
8439
8443
8445
8447
8449
8454
8455
8458
8459
8461
8465
8466
8467
8479
8481
8483
8489
8491
8493
8494
8498
8499
8502
8503
8507
8509
8510
8511
8513
8521
8522
8527
8530
8531
8533
8535
8538
8542
8543
8546
8547
8549
8553
8554
8555
8557
8558
8561
8565
8566
8569
8570
8571
8579
8582
8587
8590
8593
8597
8598
8599
8601
8602
8609
8610
8615
8621
8623
8626
8630
8634
8635
8637
8639
8641
8642
8643
8645
8646
8651
8653
8654
8657
8659
8662
8663
8665
8674
8678
8679
8681
8686
8687
8689
8690
8697
8698
8701
8707
8709
8711
8714
8718
8719
8723
8729
8731
8733
8734
8738
8741
8742
8745
8747
8751
8753
8755
8758
8762
8763
8767
8769
8773
8774
8777
8778
8785
8786
8787
8789
8791
8794
8795
8797
8799
8806
8807
8810
8813
8817
8818
8819
8821
8822
8826
8827
8830
8835
8839
8841
8843
8846
8849
8851
8854
8855
8857
8858
8861
8862
8863
8866
8873
8877
8879
8885
8887
8890
8891
8894
8895
8898
8899
8903
8905
8906
8907
8909
8917
8921
8923
8927
8929
8931
8934
8938
8939
8942
8943
8945
8949
8951
8953
8961
8962
8965
8971
8983
8986
8987
8989
8994
8995
8997
8998
9005
9006
9010
9011
9015
9017
9019
9022
9026
9030
9031
9033
9037
9038
9039
9041
9042
9043
9049
9053
9055
9059
9061
9066
9070
9071
9074
9077
9082
9083
9085
9086
9087
9093
9094
9097
9103
9105
9107
9110
9113
9115
9118
9119
9121
9127
9129
9130
9137
9138
9141
9143
9146
9147
9149
9151
9154
9158
9159
9165
9169
9170
9173
9174
9181
9182
9185
9187
9191
9193
9195
9202
9203
9206
9209
9213
9214
9215
9217
9218
9226
9229
9231
9235
9237
9239
9242
9246
9247
9253
9257
9258
9259
9262
9269
9271
9273
9281
9283
9286
9290
9291
9294
9301
9302
9303
9305
9313
9314
9319
9321
9322
9323
9327
9330
9334
9335
9338
9339
9341
9345
9346
9347
9349
9353
9357
9358
9361
9362
9363
9367
9371
9374
9379
9381
9382
9383
9385
9389
9390
9391
9393
9394
9401
9402
9407
9410
9411
9413
9415
9417
9418
9422
9426
9427
9429
9431
9433
9434
9435
9437
9445
9446
9447
9449
9451
9454
9455
9462
9466
9467
9470
9471
9473
9478
9479
9481
9482
9487
9489
9490
9493
9499
9501
9503
9510
9511
9514
9515
9517
9521
9523
9526
9533
9534
9539
9543
9545
9546
9547
9553
9554
9557
9561
9565
9566
9569
9570
9577
9578
9581
9582
9587
9589
9591
9598
9599
9602
9605
9607
9609
9611
9613
9614
9622
9627
9631
9635
9638
9642
9643
9646
9647
9649
9654
9655
9658
9665
9669
9670
9671
9673
9677
9679
9682
9685
9686
9687
9690
9691
9697
9698
9699
9701
9706
9709
9710
9713
9715
9718
9719
9721
9723
9726
9730
9731
9734
9735
9737
9741
9742
9743
9745
9746
9753
9754
9757
9759
9763
9766
9767
9770
9778
9779
9781
9785
9786
9787
9789
9790
9791
9797
9798
9803
9805
9807
9809
9811
9814
9817
9818
9822
9823
9829
9830
9831
9833
9834
9841
9842
9845
9847
9851
9853
9858
9862
9863
9866
9867
9869
9871
9874
9877
9878
9885
9886
9889
9895
9897
9899
9902
9905
9906
9907
9910
9911
9913
9917
9919
9921
9929
9930
9933
9935
9937
9938
9939
9941
9943
9946
9951
9955
9957
9961
9962
9965
9966
9973
9974
9977
9979
9983
9985
9987
9994
9995
9998
