-9994
-9985
-9979
-9978
-9974
-9973
-9967
-9966
-9959
-9957
-9955
-9953
-9946
-9943
-9939
-9938
-9934
-9933
-9929
-9923
-9917
-9911
-9910
-9907
-9903
-9901
-9899
-9897
-9894
-9890
-9889
-9887
-9870
-9869
-9867
-9866
-9863
-9862
-9861
-9857
-9854
-9853
-9851
-9847
-9845
-9843
-9841
-9838
-9835
-9834
-9833
-9831
-9827
-9817
-9813
-9811
-9806
-9805
-9799
-9798
-9795
-9791
-9789
-9787
-9785
-9782
-9779
-9778
-9777
-9770
-9761
-9757
-9755
-9754
-9749
-9746
-9743
-9742
-9739
-9735
-9733
-9731
-9726
-9723
-9722
-9721
-9719
-9714
-9709
-9706
-9705
-9701
-9699
-9698
-9694
-9687
-9686
-9683
-9679
-9677
-9673
-9670
-9667
-9665
-9663
-9658
-9649
-9645
-9643
-9642
-9638
-9637
-9631
-9627
-9623
-9619
-9617
-9615
-9614
-9611
-9609
-9607
-9602
-9593
-9590
-9589
-9587
-9586
-9582
-9581
-9574
-9571
-9570
-9565
-9563
-9561
-9554
-9553
-9551
-9546
-9533
-9530
-9526
-9523
-9519
-9518
-9515
-9511
-9509
-9507
-9505
-9502
-9499
-9498
-9497
-9490
-9482
-9481
-9474
-9470
-9469
-9465
-9463
-9462
-9455
-9453
-9451
-9449
-9446
-9445
-9443
-9442
-9439
-9434
-9422
-9421
-9419
-9418
-9413
-9411
-9407
-9406
-9403
-9399
-9398
-9397
-9395
-9393
-9390
-9389
-9385
-9383
-9374
-9365
-9363
-9362
-9358
-9357
-9347
-9343
-9341
-9339
-9337
-9334
-9331
-9330
-9329
-9327
-9322
-9313
-9309
-9307
-9302
-9301
-9298
-9294
-9291
-9287
-9285
-9283
-9281
-9278
-9274
-9273
-9271
-9266
-9257
-9253
-9246
-9239
-9238
-9235
-9231
-9229
-9227
-9222
-9219
-9218
-9217
-9215
-9213
-9210
-9209
-9205
-9201
-9197
-9195
-9194
-9190
-9185
-9183
-9182
-9179
-9177
-9173
-9169
-9166
-9161
-9159
-9154
-9145
-9143
-9141
-9139
-9138
-9134
-9133
-9131
-9130
-9127
-9123
-9119
-9115
-9113
-9110
-9109
-9107
-9106
-9105
-9103
-9098
-9097
-9089
-9085
-9083
-9082
-9078
-9077
-9073
-9071
-9070
-9069
-9067
-9061
-9059
-9057
-9051
-9049
-9047
-9042
-9033
-9029
-9026
-9022
-9021
-9015
-9014
-9013
-9011
-9007
-9005
-9003
-9001
-8999
-8998
-8995
-8994
-8987
-8986
-8979
-8977
-8971
-8970
-8969
-8966
-8965
-8961
-8958
-8951
-8949
-8947
-8945
-8943
-8942
-8939
-8938
-8935
-8930
-8921
-8917
-8915
-8914
-8909
-8905
-8903
-8902
-8899
-8895
-8893
-8891
-8889
-8886
-8882
-8881
-8879
-8870
-8861
-8859
-8858
-8854
-8853
-8846
-8843
-8841
-8839
-8837
-8835
-8834
-8830
-8827
-8826
-8823
-8818
-8815
-8809
-8805
-8803
-8798
-8797
-8795
-8791
-8790
-8787
-8783
-8781
-8779
-8778
-8777
-8774
-8770
-8769
-8767
-8763
-8762
-8753
-8749
-8747
-8746
-8745
-8742
-8741
-8735
-8734
-8731
-8727
-8723
-8718
-8715
-8714
-8713
-8711
-8706
-8697
-8695
-8693
-8691
-8690
-8687
-8686
-8679
-8678
-8677
-8671
-8669
-8665
-8662
-8659
-8657
-8655
-8642
-8641
-8637
-8635
-8634
-8630
-8629
-8623
-8615
-8611
-8609
-8606
-8603
-8602
-8601
-8599
-8594
-8585
-8581
-8579
-8578
-8574
-8573
-8567
-8566
-8563
-8557
-8555
-8553
-8547
-8546
-8545
-8543
-8538
-8534
-8529
-8522
-8518
-8517
-8511
-8510
-8507
-8503
-8501
-8499
-8498
-8497
-8494
-8493
-8491
-8490
-8489
-8482
-8473
-8467
-8466
-8463
-8462
-8461
-8455
-8454
-8449
-8447
-8446
-8445
-8443
-8441
-8438
-8435
-8434
-8431
-8426
-8421
-8417
-8413
-8411
-8399
-8398
-8395
-8391
-8389
-8387
-8386
-8385
-8382
-8378
-8377
-8373
-8369
-8358
-8357
-8355
-8354
-8342
-8339
-8335
-8333
-8331
-8329
-8326
-8323
-8322
-8321
-8319
-8314
-8305
-8301
-8299
-8294
-8293
-8287
-8286
-8283
-8282
-8279
-8277
-8273
-8270
-8269
-8267
-8266
-8265
-8263
-8261
-8258
-8251
-8249
-8245
-8243
-8242
-8238
-8237
-8234
-8231
-8230
-8227
-8223
-8222
-8221
-8219
-8211
-8210
-8209
-8207
-8202
-8193
-8189
-8187
-8186
-8182
-8174
-8171
-8167
-8165
-8161
-8158
-8155
-8153
-8151
-8146
-8142
-8137
-8133
-8131
-8130
-8126
-8119
-8115
-8111
-8105
-8103
-8102
-8099
-8098
-8097
-8095
-8093
-8090
-8081
-8077
-8074
-8070
-8069
-8063
-8062
-8059
-8053
-8051
-8049
-8043
-8042
-8041
-8039
-8035
-8034
-8021
-8018
-8014
-8013
-8007
-8006
-8005
-8003
-8002
-7999
-7997
-7995
-7993
-7990
-7985
-7978
-7969
-7963
-7962
-7958
-7957
-7951
-7941
-7939
-7937
-7934
-7931
-7930
-7927
-7922
-7913
-7909
-7907
-7906
-7905
-7901
-7898
-7895
-7894
-7891
-7890
-7887
-7885
-7883
-7881
-7878
-7874
-7873
-7871
-7853
-7851
-7846
-7845
-7843
-7838
-7835
-7833
-7831
-7829
-7827
-7822
-7819
-7818
-7817
-7815
-7810
-7801
-7799
-7797
-7795
-7793
-7790
-7789
-7783
-7782
-7779
-7773
-7771
-7769
-7766
-7763
-7762
-7761
-7759
-7754
-7745
-7741
-7739
-7738
-7734
-7733
-7727
-7726
-7723
-7719
-7717
-7715
-7710
-7707
-7706
-7705
-7703
-7698
-7689
-7685
-7683
-7682
-7678
-7671
-7670
-7667
-7663
-7661
-7657
-7654
-7651
-7649
-7647
-7642
-7634
-7633
-7629
-7627
-7626
-7622
-7621
-7619
-7615
-7613
-7611
-7607
-7603
-7601
-7598
-7594
-7593
-7591
-7590
-7586
-7583
-7577
-7573
-7571
-7570
-7566
-7565
-7562
-7559
-7558
-7555
-7549
-7547
-7545
-7539
-7538
-7537
-7535
-7531
-7530
-7526
-7521
-7517
-7513
-7511
-7510
-7509
-7503
-7501
-7499
-7495
-7493
-7491
-7489
-7486
-7483
-7482
-7481
-7474
-7465
-7463
-7459
-7458
-7454
-7453
-7447
-7446
-7439
-7437
-7435
-7433
-7430
-7427
-7426
-7423
-7418
-7409
-7405
-7403
-7402
-7397
-7391
-7390
-7387
-7385
-7383
-7379
-7377
-7374
-7370
-7369
-7367
-7351
-7349
-7347
-7346
-7342
-7341
-7334
-7331
-7327
-7323
-7321
-7318
-7315
-7314
-7313
-7311
-7306
-7303
-7297
-7293
-7291
-7289
-7287
-7286
-7285
-7279
-7278
-7271
-7270
-7269
-7265
-7262
-7259
-7258
-7257
-7255
-7241
-7238
-7237
-7235
-7234
-7230
-7229
-7223
-7222
-7219
-7215
-7214
-7213
-7211
-7206
-7202
-7201
-7199
-7194
-7190
-7186
-7185
-7181
-7179
-7178
-7174
-7170
-7167
-7166
-7163
-7159
-7157
-7153
-7147
-7145
-7143
-7141
-7138
-7130
-7129
-7126
-7123
-7122
-7118
-7117
-7111
-7107
-7103
-7099
-7097
-7094
-7093
-7091
-7090
-7089
-7087
-7085
-7082
-7073
-7069
-7067
-7066
-7062
-7061
-7055
-7054
-7051
-7049
-7045
-7043
-7041
-7035
-7034
-7033
-7031
-7026
-7017
-7013
-7010
-7006
-7005
-6999
-6998
-6995
-6991
-6990
-6989
-6987
-6985
-6982
-6979
-6978
-6977
-6970
-6965
-6963
-6961
-6955
-6954
-6949
-6943
-6942
-6935
-6933
-6931
-6926
-6923
-6922
-6919
-6914
-6911
-6905
-6901
-6899
-6898
-6893
-6891
-6887
-6886
-6883
-6879
-6873
-6870
-6866
-6865
-6863
-6862
-6855
-6843
-6842
-6839
-6838
-6837
-6835
-6834
-6830
-6827
-6823
-6821
-6819
-6817
-6814
-6810
-6809
-6807
-6802
-6793
-6789
-6787
-6782
-6781
-6774
-6773
-6771
-6767
-6765
-6763
-6761
-6758
-6755
-6754
-6753
-6751
-6746
-6743
-6737
-6734
-6733
-6731
-6730
-6726
-6719
-6718
-6715
-6711
-6709
-6707
-6702
-6701
-6699
-6698
-6697
-6695
-6690
-6689
-6686
-6682
-6681
-6677
-6674
-6670
-6663
-6662
-6659
-6657
-6653
-6649
-6646
-6643
-6641
-6639
-6634
-6630
-6623
-6621
-6619
-6618
-6614
-6613
-6607
-6605
-6603
-6599
-6595
-6593
-6590
-6587
-6586
-6585
-6583
-6582
-6581
-6578
-6569
-6565
-6563
-6562
-6558
-6557
-6555
-6554
-6551
-6547
-6542
-6541
-6539
-6537
-6531
-6530
-6529
-6527
-6522
-6513
-6510
-6509
-6506
-6502
-6501
-6495
-6494
-6491
-6487
-6485
-6483
-6481
-6478
-6474
-6473
-6466
-6465
-6463
-6461
-6459
-6457
-6451
-6446
-6445
-6439
-6438
-6433
-6431
-6429
-6427
-6421
-6418
-6415
-6410
-6403
-6401
-6397
-6395
-6394
-6389
-6383
-6382
-6379
-6373
-6371
-6369
-6366
-6362
-6361
-6359
-6347
-6343
-6342
-6341
-6339
-6338
-6334
-6333
-6330
-6326
-6323
-6322
-6319
-6317
-6315
-6313
-6310
-6307
-6306
-6305
-6303
-6298
-6289
-6286
-6285
-6283
-6278
-6277
-6271
-6270
-6269
-6267
-6266
-6263
-6262
-6261
-6259
-6257
-6254
-6251
-6249
-6247
-6242
-6239
-6234
-6233
-6229
-6227
-6226
-6222
-6221
-6215
-6214
-6211
-6209
-6207
-6205
-6203
-6198
-6195
-6194
-6193
-6191
-6186
-6177
-6173
-6170
-6166
-6159
-6158
-6155
-6154
-6151
-6149
-6145
-6142
-6139
-6135
-6130
-6121
-6117
-6115
-6114
-6110
-6109
-6103
-6099
-6097
-6095
-6091
-6089
-6086
-6085
-6083
-6082
-6081
-6079
-6077
-6074
-6065
-6061
-6059
-6058
-6054
-6053
-6047
-6046
-6045
-6043
-6041
-6037
-6035
-6033
-6026
-6023
-6018
-6015
-6009
-6005
-6002
-5998
-5997
-5991
-5990
-5987
-5983
-5981
-5979
-5977
-5974
-5971
-5970
-5969
-5962
-5953
-5951
-5947
-5946
-5942
-5941
-5938
-5935
-5934
-5927
-5923
-5921
-5918
-5914
-5911
-5907
-5906
-5897
-5893
-5891
-5890
-5885
-5882
-5879
-5878
-5871
-5869
-5867
-5865
-5862
-5858
-5857
-5855
-5853
-5842
-5837
-5835
-5834
-5830
-5829
-5822
-5815
-5813
-5811
-5809
-5806
-5803
-5802
-5801
-5799
-5797
-5794
-5785
-5781
-5779
-5777
-5774
-5773
-5767
-5763
-5759
-5757
-5755
-5753
-5747
-5745
-5743
-5738
-5729
-5723
-5722
-5718
-5717
-5711
-5710
-5707
-5703
-5701
-5699
-5694
-5691
-5690
-5689
-5682
-5678
-5673
-5669
-5667
-5666
-5662
-5655
-5654
-5653
-5651
-5647
-5645
-5641
-5639
-5638
-5633
-5631
-5626
-5623
-5621
-5617
-5613
-5611
-5610
-5606
-5605
-5599
-5595
-5591
-5587
-5585
-5582
-5579
-5578
-5570
-5565
-5561
-5557
-5555
-5554
-5549
-5543
-5542
-5541
-5539
-5533
-5531
-5529
-5523
-5522
-5521
-5519
-5518
-5514
-5505
-5501
-5498
-5497
-5494
-5493
-5487
-5486
-5483
-5479
-5477
-5473
-5470
-5467
-5466
-5465
-5458
-5451
-5449
-5443
-5442
-5438
-5437
-5431
-5430
-5423
-5421
-5419
-5417
-5414
-5413
-5411
-5410
-5407
-5402
-5401
-5393
-5389
-5387
-5386
-5385
-5381
-5379
-5374
-5371
-5367
-5365
-5363
-5361
-5359
-5358
-5357
-5354
-5353
-5351
-5343
-5333
-5331
-5330
-5326
-5318
-5315
-5313
-5311
-5309
-5307
-5306
-5305
-5302
-5299
-5298
-5297
-5295
-5291
-5285
-5281
-5279
-5277
-5270
-5269
-5263
-5262
-5259
-5255
-5253
-5251
-5249
-5246
-5242
-5241
-5234
-5221
-5219
-5218
-5214
-5213
-5207
-5206
-5199
-5197
-5195
-5190
-5187
-5186
-5185
-5183
-5182
-5178
-5169
-5165
-5163
-5162
-5158
-5151
-5147
-5146
-5143
-5142
-5141
-5137
-5134
-5131
-5129
-5127
-5122
-5113
-5109
-5107
-5106
-5102
-5101
-5095
-5091
-5087
-5083
-5081
-5078
-5074
-5073
-5071
-5069
-5066
-5057
-5055
-5053
-5051
-5045
-5039
-5038
-5035
-5033
-5030
-5029
-5027
-5021
-5019
-5018
-5017
-5015
-5010
-5001
-4997
-4994
-4990
-4989
-4983
-4982
-4979
-4973
-4971
-4969
-4966
-4963
-4962
-4954
-4945
-4939
-4938
-4935
-4934
-4933
-4927
-4926
-4919
-4917
-4915
-4910
-4907
-4906
-4903
-4899
-4898
-4889
-4886
-4885
-4883
-4882
-4877
-4871
-4870
-4867
-4863
-4861
-4859
-4857
-4854
-4849
-4847
-4831
-4829
-4827
-4826
-4823
-4822
-4821
-4814
-4813
-4811
-4807
-4803
-4801
-4798
-4795
-4794
-4793
-4791
-4790
-4789
-4786
-4785
-4777
-4773
-4771
-4766
-4765
-4759
-4758
-4755
-4751
-4749
-4747
-4745
-4742
-4739
-4738
-4737
-4735
-4730
-4727
-4721
-4717
-4715
-4714
-4710
-4709
-4703
-4702
-4701
-4699
-4695
-4691
-4686
-4683
-4682
-4681
-4679
-4674
-4665
-4661
-4659
-4658
-4654
-4647
-4646
-4643
-4639
-4637
-4634
-4633
-4630
-4627
-4623
-4619
-4618
-4615
-4609
-4605
-4603
-4602
-4597
-4591
-4589
-4587
-4583
-4579
-4577
-4574
-4571
-4570
-4569
-4567
-4566
-4562
-4559
-4555
-4553
-4549
-4547
-4546
-4542
-4541
-4535
-4534
-4531
-4523
-4522
-4521
-4517
-4515
-4514
-4513
-4511
-4506
-4503
-4497
-4494
-4493
-4490
-4486
-4485
-4479
-4478
-4471
-4469
-4467
-4465
-4462
-4458
-4457
-4441
-4435
-4434
-4431
-4430
-4429
-4427
-4423
-4422
-4421
-4417
-4415
-4413
-4411
-4409
-4406
-4403
-4402
-4399
-4397
-4386
-4385
-4381
-4379
-4378
-4373
-4367
-4366
-4363
-4362
-4359
-4357
-4355
-4354
-4353
-4349
-4346
-4345
-4343
-4330
-4323
-4322
-4318
-4317
-4315
-4310
-4307
-4303
-4301
-4299
-4297
-4294
-4291
-4290
-4289
-4287
-4282
-4277
-4274
-4273
-4269
-4267
-4262
-4261
-4258
-4255
-4254
-4253
-4251
-4247
-4245
-4243
-4241
-4238
-4237
-4234
-4233
-4231
-4229
-4226
-4217
-4213
-4211
-4210
-4206
-4199
-4198
-4195
-4191
-4189
-4187
-4182
-4181
-4179
-4178
-4177
-4171
-4170
-4169
-4161
-4157
-4155
-4154
-4143
-4142
-4139
-4135
-4133
-4129
-4126
-4123
-4121
-4119
-4117
-4115
-4111
-4105
-4103
-4101
-4099
-4098
-4094
-4093
-4087
-4083
-4079
-4073
-4070
-4066
-4065
-4063
-4058
-4049
-4045
-4043
-4042
-4038
-4037
-4033
-4031
-4030
-4027
-4026
-4021
-4019
-4017
-4011
-4010
-4009
-4007
-4002
-4001
-3995
-3990
-3989
-3986
-3982
-3981
-3974
-3967
-3965
-3963
-3961
-3958
-3955
-3954
-3953
-3946
-3943
-3938
-3937
-3931
-3930
-3926
-3919
-3918
-3917
-3911
-3910
-3909
-3907
-3905
-3902
-3899
-3898
-3895
-3890
-3886
-3885
-3881
-3877
-3874
-3869
-3863
-3862
-3859
-3855
-3853
-3851
-3849
-3846
-3842
-3841
-3839
-3821
-3819
-3818
-3814
-3813
-3806
-3803
-3799
-3797
-3795
-3793
-3790
-3787
-3786
-3785
-3783
-3778
-3769
-3766
-3765
-3763
-3758
-3747
-3745
-3743
-3742
-3741
-3739
-3737
-3734
-3733
-3731
-3730
-3729
-3727
-3723
-3722
-3713
-3709
-3707
-3706
-3702
-3701
-3695
-3694
-3691
-3687
-3685
-3683
-3678
-3674
-3673
-3671
-3666
-3657
-3653
-3651
-3646
-3639
-3638
-3635
-3631
-3629
-3622
-3619
-3617
-3615
-3601
-3597
-3595
-3594
-3590
-3589
-3585
-3583
-3579
-3571
-3569
-3566
-3565
-3563
-3562
-3561
-3559
-3554
-3545
-3542
-3541
-3539
-3538
-3534
-3533
-3527
-3526
-3523
-3518
-3517
-3515
-3513
-3507
-3506
-3505
-3503
-3498
-3495
-3489
-3485
-3482
-3478
-3477
-3471
-3470
-3467
-3463
-3461
-3459
-3457
-3454
-3451
-3449
-3445
-3442
-3433
-3431
-3427
-3426
-3422
-3421
-3417
-3415
-3414
-3413
-3407
-3405
-3403
-3401
-3398
-3395
-3394
-3391
-3386
-3377
-3373
-3371
-3370
-3365
-3359
-3358
-3355
-3354
-3351
-3349
-3347
-3345
-3342
-3341
-3338
-3337
-3335
-3326
-3317
-3315
-3314
-3311
-3310
-3309
-3302
-3299
-3295
-3293
-3291
-3289
-3286
-3282
-3281
-3279
-3278
-3274
-3266
-3265
-3261
-3259
-3254
-3253
-3247
-3246
-3243
-3239
-3237
-3235
-3233
-3230
-3227
-3226
-3223
-3218
-3209
-3206
-3205
-3203
-3202
-3198
-3197
-3191
-3190
-3187
-3183
-3181
-3171
-3170
-3169
-3167
-3162
-3157
-3153
-3149
-3147
-3142
-3135
-3134
-3131
-3129
-3127
-3121
-3118
-3115
-3113
-3111
-3106
-3099
-3097
-3094
-3093
-3091
-3090
-3086
-3085
-3081
-3079
-3071
-3067
-3065
-3062
-3061
-3059
-3058
-3057
-3055
-3043
-3041
-3037
-3035
-3034
-3030
-3029
-3026
-3023
-3022
-3019
-3018
-3014
-3013
-3011
-3009
-3003
-3002
-3001
-2999
-2994
-2993
-2987
-2985
-2982
-2981
-2978
-2974
-2973
-2967
-2966
-2963
-2959
-2957
-2955
-2953
-2947
-2946
-2945
-2938
-2937
-2929
-2923
-2922
-2918
-2917
-2914
-2911
-2910
-2903
-2901
-2899
-2897
-2895
-2894
-2887
-2885
-2882
-2869
-2867
-2866
-2861
-2855
-2854
-2851
-2847
-2846
-2845
-2843
-2841
-2838
-2834
-2833
-2831
-2822
-2813
-2811
-2810
-2806
-2805
-2798
-2795
-2794
-2791
-2789
-2787
-2786
-2785
-2782
-2779
-2778
-2777
-2770
-2761
-2759
-2757
-2755
-2749
-2743
-2742
-2739
-2735
-2733
-2731
-2729
-2726
-2723
-2722
-2721
-2719
-2714
-2713
-2710
-2705
-2701
-2699
-2698
-2694
-2693
-2687
-2686
-2683
-2681
-2679
-2677
-2670
-2667
-2666
-2665
-2663
-2661
-2658
-2649
-2643
-2642
-2638
-2631
-2630
-2629
-2627
-2623
-2621
-2617
-2614
-2611
-2609
-2607
-2606
-2603
-2602
-2598
-2593
-2591
-2590
-2589
-2587
-2586
-2582
-2581
-2571
-2567
-2563
-2561
-2558
-2557
-2555
-2554
-2553
-2551
-2546
-2537
-2534
-2533
-2531
-2530
-2526
-2522
-2519
-2518
-2517
-2515
-2509
-2507
-2505
-2503
-2498
-2497
-2495
-2490
-2481
-2479
-2477
-2474
-2470
-2469
-2463
-2462
-2461
-2459
-2455
-2453
-2451
-2449
-2446
-2443
-2442
-2441
-2437
-2434
-2423
-2419
-2418
-2417
-2414
-2413
-2407
-2406
-2399
-2397
-2395
-2393
-2390
-2387
-2386
-2383
-2378
-2373
-2370
-2369
-2365
-2363
-2362
-2357
-2351
-2347
-2346
-2343
-2341
-2339
-2337
-2334
-2330
-2329
-2327
-2323
-2315
-2309
-2307
-2306
-2302
-2301
-2294
-2291
-2287
-2285
-2283
-2281
-2278
-2274
-2273
-2271
-2266
-2261
-2257
-2253
-2251
-2246
-2245
-2239
-2238
-2237
-2235
-2231
-2229
-2227
-2222
-2219
-2218
-2217
-2215
-2213
-2210
-2207
-2201
-2198
-2195
-2194
-2193
-2190
-2189
-2185
-2183
-2182
-2181
-2179
-2173
-2171
-2167
-2163
-2162
-2161
-2159
-2154
-2147
-2145
-2141
-2139
-2138
-2134
-2127
-2126
-2123
-2119
-2117
-2113
-2110
-2105
-2103
-2098
-2090
-2089
-2085
-2083
-2082
-2081
-2078
-2077
-2071
-2067
-2063
-2059
-2054
-2053
-2051
-2049
-2047
-2045
-2042
-2039
-2037
-2033
-2029
-2027
-2026
-2022
-2021
-2019
-2017
-2015
-2014
-2011
-2006
-2005
-2003
-2001
-1997
-1995
-1994
-1993
-1991
-1986
-1977
-1973
-1970
-1967
-1966
-1965
-1959
-1958
-1955
-1951
-1949
-1947
-1945
-1942
-1941
-1939
-1938
-1937
-1933
-1930
-1927
-1923
-1921
-1915
-1914
-1910
-1909
-1905
-1903
-1902
-1901
-1895
-1893
-1891
-1889
-1886
-1883
-1882
-1879
-1874
-1873
-1871
-1865
-1861
-1858
-1853
-1847
-1846
-1843
-1839
-1837
-1835
-1833
-1830
-1826
-1823
-1821
-1803
-1802
-1798
-1797
-1793
-1790
-1787
-1783
-1781
-1779
-1777
-1774
-1771
-1770
-1769
-1767
-1763
-1762
-1759
-1753
-1751
-1749
-1747
-1742
-1741
-1739
-1735
-1731
-1727
-1723
-1722
-1721
-1718
-1714
-1713
-1711
-1707
-1706
-1697
-1693
-1691
-1686
-1685
-1679
-1678
-1671
-1669
-1667
-1662
-1661
-1659
-1658
-1657
-1655
-1649
-1641
-1637
-1635
-1634
-1630
-1623
-1622
-1621
-1619
-1615
-1613
-1609
-1606
-1603
-1601
-1599
-1595
-1594
-1585
-1581
-1579
-1578
-1574
-1567
-1563
-1559
-1558
-1555
-1554
-1553
-1549
-1547
-1546
-1545
-1543
-1541
-1538
-1533
-1529
-1523
-1522
-1518
-1517
-1511
-1510
-1507
-1502
-1501
-1499
-1497
-1491
-1490
-1489
-1487
-1482
-1473
-1469
-1466
-1462
-1461
-1457
-1455
-1454
-1451
-1447
-1443
-1442
-1441
-1439
-1438
-1435
-1434
-1433
-1426
-1423
-1417
-1411
-1410
-1409
-1407
-1406
-1405
-1399
-1398
-1397
-1394
-1391
-1389
-1387
-1385
-1382
-1379
-1378
-1373
-1370
-1361
-1357
-1355
-1354
-1349
-1343
-1342
-1339
-1337
-1335
-1333
-1329
-1326
-1322
-1321
-1319
-1315
-1309
-1301
-1299
-1298
-1295
-1294
-1293
-1286
-1285
-1283
-1279
-1277
-1273
-1270
-1267
-1266
-1265
-1263
-1258
-1249
-1245
-1243
-1238
-1237
-1231
-1230
-1227
-1223
-1221
-1219
-1218
-1217
-1214
-1211
-1209
-1207
-1202
-1195
-1193
-1189
-1187
-1186
-1182
-1181
-1174
-1173
-1171
-1169
-1167
-1166
-1165
-1163
-1158
-1155
-1154
-1153
-1151
-1146
-1139
-1137
-1133
-1131
-1130
-1126
-1119
-1118
-1115
-1111
-1109
-1106
-1105
-1102
-1099
-1097
-1095
-1090
-1081
-1077
-1074
-1073
-1070
-1069
-1067
-1063
-1059
-1055
-1051
-1049
-1046
-1043
-1042
-1041
-1039
-1034
-1030
-1021
-1019
-1018
-1013
-1007
-1006
-1003
-997
-995
-993
-989
-987
-986
-985
-983
-979
-978
-974
-970
-969
-966
-965
-962
-959
-958
-957
-951
-947
-943
-941
-939
-937
-934
-930
-929
-923
-922
-913
-907
-906
-902
-901
-898
-895
-894
-890
-887
-885
-883
-881
-878
-874
-871
-866
-861
-857
-853
-851
-839
-838
-835
-831
-829
-827
-822
-821
-818
-817
-815
-814
-813
-797
-795
-794
-790
-789
-782
-779
-773
-771
-769
-766
-763
-762
-761
-759
-755
-754
-751
-745
-743
-741
-739
-734
-733
-731
-727
-723
-719
-718
-717
-715
-714
-713
-710
-707
-706
-705
-703
-698
-689
-685
-683
-682
-678
-677
-673
-671
-670
-669
-667
-663
-661
-659
-654
-651
-649
-647
-642
-633
-629
-627
-626
-622
-618
-615
-614
-611
-607
-602
-601
-598
-597
-595
-593
-591
-586
-577
-573
-571
-570
-566
-565
-559
-557
-555
-551
-547
-545
-542
-538
-537
-535
-533
-530
-527
-521
-517
-515
-514
-510
-509
-503
-502
-499
-497
-493
-491
-489
-483
-482
-481
-479
-474
-473
-465
-461
-458
-454
-453
-447
-446
-443
-439
-437
-435
-434
-433
-431
-430
-427
-426
-418
-409
-403
-402
-398
-397
-391
-390
-383
-381
-379
-377
-374
-371
-370
-367
-362
-353
-349
-347
-346
-341
-339
-335
-334
-331
-329
-327
-323
-321
-318
-314
-313
-311
-309
-302
-299
-293
-291
-290
-286
-285
-278
-277
-274
-271
-269
-267
-265
-262
-259
-258
-257
-255
-246
-241
-239
-237
-235
-233
-231
-230
-229
-223
-222
-219
-215
-213
-211
-209
-206
-203
-202
-201
-199
-194
-186
-185
-182
-181
-179
-178
-174
-173
-170
-167
-166
-163
-159
-157
-155
-146
-145
-143
-138
-129
-123
-122
-118
-111
-110
-109
-107
-103
-101
-97
-94
-91
-89
-87
-82
-73
-69
-67
-66
-62
-61
-55
-53
-51
-47
-43
-41
-38
-35
-34
-33
-31
-29
-26
-23
-17
-13
-11
-10
-6
-5
3
6
7
10
14
17
19
22
26
29
31
33
34
35
37
38
41
42
47
51
53
55
59
62
66
70
71
73
79
82
83
85
87
89
91
93
94
97
103
105
109
110
111
115
118
119
122
129
131
138
139
141
142
143
145
146
149
154
158
159
161
165
166
167
174
178
182
185
187
191
194
195
197
199
201
202
203
205
206
209
210
214
215
217
221
222
223
227
230
231
233
235
238
241
251
253
255
257
258
259
262
265
266
267
271
273
274
277
278
282
283
286
287
290
299
307
309
311
313
314
317
318
321
322
326
327
329
334
335
339
345
346
353
355
362
365
367
370
371
373
374
377
381
382
383
385
389
390
391
395
398
399
402
403
406
409
411
418
419
421
426
427
429
430
433
434
435
438
439
442
445
446
447
451
454
455
458
462
465
466
467
469
473
474
479
481
482
483
485
489
497
501
502
503
506
510
511
514
518
521
523
530
533
534
535
537
538
541
542
545
546
551
553
555
557
559
563
566
570
573
574
577
579
586
587
589
591
593
595
597
598
601
602
607
609
613
614
615
618
619
622
623
626
631
633
635
642
643
645
647
649
651
653
654
658
663
665
667
669
670
671
673
678
679
682
689
690
691
697
698
699
701
703
705
706
707
709
710
713
714
719
721
727
730
731
734
742
745
754
755
757
759
761
762
763
766
769
770
777
781
782
787
790
791
794
798
803
811
813
815
817
818
821
822
823
826
831
838
839
843
854
857
859
866
869
871
874
877
878
881
887
889
893
894
895
898
899
901
902
903
906
910
913
915
919
922
923
929
930
933
934
937
938
939
943
946
949
951
955
958
959
962
966
969
971
978
979
983
985
986
987
989
991
993
994
1001
1005
1006
1007
1011
1015
1018
1022
1027
1034
1037
1039
1041
1042
1043
1045
1046
1049
1055
1057
1061
1063
1065
1066
1067
1070
1074
1081
1090
1091
1093
1095
1097
1099
1101
1102
1105
1106
1111
1113
1117
1118
1119
1123
1126
1129
1130
1131
1137
1139
1146
1147
1149
1151
1153
1154
1155
1157
1158
1162
1167
1169
1173
1174
1178
1182
1186
1190
1193
1195
1198
1199
1202
1203
1205
1207
1209
1211
1213
1214
1217
1218
1223
1227
1229
1230
1231
1235
1238
1239
1246
1247
1249
1254
1258
1259
1261
1263
1265
1266
1267
1270
1273
1279
1281
1285
1286
1291
1294
1295
1298
1302
1307
1315
1317
1318
1319
1321
1322
1326
1327
1329
1330
1335
1337
1339
1342
1343
1347
1351
1354
1355
1358
1361
1363
1366
1367
1370
1371
1373
1378
1379
1381
1382
1385
1391
1393
1394
1397
1398
1399
1403
1405
1406
1407
1410
1414
1417
1419
1426
1427
1429
1433
1434
1435
1437
1438
1441
1442
1447
1453
1454
1455
1457
1459
1462
1463
1466
1473
1478
1481
1482
1483
1487
1489
1490
1491
1493
1495
1497
1498
1505
1507
1509
1510
1511
1513
1515
1518
1522
1526
1529
1531
1537
1538
1541
1542
1543
1545
1546
1547
1549
1553
1554
1559
1561
1565
1567
1571
1574
1578
1582
1585
1594
1595
1597
1599
1601
1603
1605
1606
1609
1610
1615
1621
1622
1623
1627
1630
1631
1634
1639
1641
1643
1646
1651
1653
1654
1655
1657
1658
1659
1661
1662
1671
1673
1677
1678
1679
1686
1687
1697
1699
1706
1707
1709
1711
1713
1714
1717
1718
1721
1722
1726
1727
1729
1733
1735
1738
1739
1742
1743
1753
1762
1763
1765
1766
1767
1769
1770
1771
1774
1777
1778
1783
1785
1789
1790
1793
1795
1798
1799
1802
1806
1811
1819
1821
1823
1826
1829
1830
1831
1833
1834
1839
1841
1843
1846
1847
1851
1855
1858
1865
1867
1873
1874
1877
1879
1882
1883
1885
1886
1889
1891
1894
1895
1897
1901
1902
1903
1907
1909
1910
1914
1915
1918
1921
1923
1930
1931
1933
1937
1938
1939
1941
1942
1945
1946
1951
1954
1957
1958
1959
1963
1966
1967
1969
1970
1974
1977
1978
1979
1986
1987
1991
1993
1994
1995
1997
2001
2002
2013
2014
2015
2017
2019
2022
2026
2030
2033
2035
2042
2045
2047
2049
2051
2053
2054
2055
2063
2065
2067
2069
2071
2077
2078
2081
2082
2086
2089
2091
2093
2098
2099
2101
2102
2103
2105
2109
2110
2111
2113
2114
2118
2119
2121
2126
2127
2131
2134
2135
2138
2139
2143
2145
2147
2154
2155
2157
2159
2161
2162
2163
2165
2170
2177
2181
2182
2183
2190
2191
2193
2194
2198
2201
2203
2210
2211
2213
2215
2217
2218
2219
2221
2222
2226
2227
2230
2231
2233
2237
2238
2239
2243
2246
2247
2257
2263
2265
2266
2267
2269
2271
2273
2274
2278
2281
2282
2287
2289
2293
2294
2298
2302
2306
2310
2311
2315
2323
2326
2327
2329
2330
2333
2334
2337
2338
2342
2343
2345
2351
2355
2359
2362
2365
2369
2371
2374
2377
2378
2379
2381
2383
2386
2387
2389
2390
2393
2399
2405
2406
2407
2411
2414
2415
2418
2419
2422
2427
2434
2435
2437
2441
2442
2443
2445
2446
2449
2455
2461
2462
2463
2467
2470
2471
2474
2478
2479
2481
2483
2490
2491
2494
2495
2497
2498
2501
2505
2506
2513
2517
2518
2519
2526
2530
2534
2537
2539
2546
2549
2551
2553
2554
2555
2557
2558
2561
2562
2567
2569
2573
2579
2582
2586
2587
2589
2590
2593
2595
2602
2603
2605
2607
2609
2611
2613
2614
2617
2618
2622
2623
2629
2630
2631
2634
2635
2638
2639
2642
2649
2651
2657
2658
2659
2661
2663
2665
2666
2667
2669
2670
2674
2679
2681
2685
2686
2687
2694
2698
2702
2703
2705
2707
2713
2714
2715
2717
2719
2721
2722
2723
2726
2729
2730
2734
2735
2737
2741
2742
2743
2747
2751
2755
2758
2761
2770
2771
2773
2777
2778
2779
2782
2785
2786
2791
2797
2798
2803
2806
2807
2810
2814
2819
2827
2829
2831
2833
2834
2837
2838
2841
2847
2849
2854
2855
2857
2859
2863
2866
2870
2882
2885
2887
2893
2894
2895
2897
2902
2903
2905
2909
2910
2911
2914
2915
2918
2919
2921
2922
2926
2929
2931
2938
2939
2941
2945
2946
2947
2949
2953
2954
2959
2962
2965
2966
2967
2971
2974
2978
2981
2982
2985
2987
2993
2994
2995
2999
3001
3002
3003
3005
3009
3010
3017
3021
3022
3023
3027
3030
3031
3034
3041
3043
3047
3053
3055
3057
3058
3059
3061
3062
3065
3066
3071
3073
3077
3079
3082
3083
3086
3090
3094
3097
3099
3103
3106
3107
3109
3110
3111
3113
3115
3117
3118
3119
3121
3122
3127
3129
3130
3133
3134
3135
3139
3142
3143
3153
3155
3158
3162
3163
3165
3166
3167
3169
3170
3171
3173
3178
3183
3189
3190
3191
3198
3199
3201
3202
3206
3209
3218
3219
3221
3223
3226
3227
3229
3230
3233
3239
3241
3245
3246
3247
3251
3254
3255
3261
3262
3265
3274
3277
3279
3281
3282
3286
3289
3290
3295
3297
3298
3301
3302
3307
3310
3311
3314
3315
3318
3323
3331
3333
3335
3337
3338
3341
3342
3345
3346
3351
3353
3358
3359
3363
3367
3370
3374
3377
3379
3386
3387
3389
3391
3394
3395
3397
3398
3401
3403
3407
3409
3413
3414
3415
3419
3422
3423
3426
3433
3435
3437
3442
3443
3445
3446
3449
3451
3453
3454
3457
3458
3463
3469
3470
3471
3473
3478
3482
3486
3487
3489
3491
3493
3498
3499
3502
3503
3505
3506
3507
3513
3514
3515
3521
3526
3527
3529
3531
3534
3535
3538
3542
3545
3547
3554
3557
3559
3561
3562
3563
3565
3566
3569
3570
3574
3579
3581
3583
3587
3590
3594
3597
3598
3601
3603
3605
3606
3611
3613
3615
3617
3619
3621
3622
3631
3633
3634
3637
3638
3639
3643
3646
3647
3655
3657
3658
3659
3662
3666
3667
3669
3670
3671
3673
3674
3677
3678
3682
3687
3689
3693
3694
3695
3702
3706
3710
3713
3715
3722
3723
3727
3729
3730
3731
3733
3734
3737
3738
3741
3743
3745
3747
3749
3755
3758
3759
3766
3769
3778
3779
3781
3783
3785
3786
3787
3790
3793
3794
3795
3799
3801
3805
3806
3811
3813
3814
3815
3818
3827
3835
3837
3839
3841
3842
3845
3846
3849
3855
3857
3859
3862
3863
3867
3874
3878
3881
3883
3890
3891
3893
3895
3898
3899
3901
3902
3905
3910
3911
3913
3917
3918
3919
3922
3923
3926
3927
3930
3934
3937
3938
3939
3946
3947
3949
3953
3954
3955
3957
3958
3961
3962
3963
3967
3973
3974
3979
3982
3983
3986
3990
3995
4001
4002
4003
4007
4009
4010
4011
4013
4017
4029
4030
4031
4033
4035
4038
4039
4042
4047
4049
4051
4058
4061
4063
4065
4066
4069
4070
4073
4074
4079
4081
4083
4085
4087
4091
4094
4098
4102
4105
4115
4117
4119
4121
4123
4126
4129
4130
4135
4137
4141
4142
4143
4147
4151
4154
4161
4163
4170
4171
4173
4174
4177
4178
4179
4181
4182
4186
4191
4193
4195
4197
4198
4199
4206
4207
4209
4210
4217
4219
4226
4227
4229
4231
4233
4234
4237
4238
4241
4242
4246
4247
4249
4253
4254
4255
4258
4259
4262
4270
4273
4278
4279
4282
4283
4285
4286
4287
4289
4290
4291
4294
4297
4298
4303
4305
4309
4310
4314
4315
4318
4319
4322
4326
4331
4339
4341
4343
4345
4346
4349
4353
4354
4359
4362
4366
4367
4371
4378
4379
4382
4385
4387
4389
4393
4395
4397
4399
4402
4403
4405
4406
4407
4409
4415
4417
4421
4422
4423
4427
4430
4431
4434
4438
4441
4443
4447
4451
4453
4457
4458
4461
4462
4465
4466
4471
4478
4479
4483
4486
4487
4490
4494
4497
4499
4506
4507
4511
4513
4514
4515
4517
4521
4522
4529
4533
4534
4535
4539
4542
4543
4546
4551
4553
4555
4559
4562
4565
4567
4569
4570
4571
4573
4574
4577
4578
4579
4582
4583
4585
4589
4591
4595
4602
4609
4611
4618
4619
4621
4623
4627
4629
4630
4633
4634
4639
4641
4645
4646
4647
4651
4654
4658
4665
4667
4674
4677
4679
4681
4682
4683
4685
4686
4690
4695
4697
4699
4701
4702
4703
4710
4711
4714
4718
4721
4723
4729
4730
4731
4733
4735
4737
4738
4739
4741
4742
4745
4746
4749
4751
4755
4757
4758
4759
4763
4766
4767
4771
4774
4777
4786
4787
4789
4791
4793
4794
4795
4798
4801
4807
4809
4811
4813
4814
4817
4819
4821
4822
4823
4826
4830
4835
4843
4845
4847
4849
4853
4854
4857
4858
4859
4863
4865
4870
4871
4873
4879
4882
4886
4889
4891
4895
4898
4899
4902
4903
4906
4907
4909
4910
4917
4919
4921
4926
4927
4931
4934
4935
4938
4939
4942
4945
4947
4953
4954
4955
4957
4958
4962
4963
4965
4966
4969
4970
4981
4982
4983
4987
4990
4991
4994
5001
5003
5010
5011
5015
5017
5018
5019
5021
5026
5027
5033
5035
5037
5038
5039
5053
5055
5057
5059
5062
5066
5069
5071
5073
5074
5077
5078
5081
5087
5089
5093
5095
5099
5102
5106
5110
5113
5115
5122
5123
5127
5129
5131
5133
5134
5137
5138
5143
5149
5151
5155
5158
5159
5162
5169
5171
5178
5179
5181
5183
5185
5186
5187
5189
5190
5199
5201
5205
5206
5207
5214
5215
5218
5222
5227
5234
5235
5237
5241
5242
5245
5246
5249
5251
5254
5255
5257
5261
5262
5263
5267
5270
5271
5277
5278
5281
5291
5293
5295
5297
5298
5299
5302
5303
5305
5306
5311
5313
5314
5317
5318
5323
5326
5327
5330
5331
5334
5335
5338
5339
5347
5349
5351
5353
5354
5357
5358
5359
5361
5362
5367
5369
5371
5374
5379
5383
5386
5393
5395
5401
5402
5403
5405
5407
5410
5411
5413
5414
5417
5423
5429
5430
5431
5435
5438
5442
5446
5449
5451
5458
5459
5461
5465
5466
5467
5469
5470
5473
5474
5479
5485
5486
5487
5494
5495
5497
5498
5502
5503
5505
5506
5507
5511
5514
5515
5519
5521
5522
5523
5529
5530
5541
5542
5543
5551
5554
5558
5561
5563
5570
5573
5578
5579
5581
5582
5585
5587
5590
5591
5593
5595
5597
5599
5603
5606
5610
5614
5617
5619
5626
5627
5629
5631
5633
5637
5638
5641
5642
5647
5649
5653
5654
5655
5658
5659
5662
5663
5666
5673
5682
5683
5685
5689
5690
5691
5693
5694
5695
5698
5702
5703
5705
5709
5710
5711
5718
5719
5722
5723
5726
5729
5731
5738
5739
5741
5743
5745
5747
5749
5753
5754
5758
5759
5761
5765
5767
5771
5774
5785
5786
5789
5790
5794
5795
5797
5798
5799
5801
5802
5803
5806
5809
5810
5815
5817
5821
5822
5827
5830
5834
5835
5838
5842
5843
5845
5851
5853
5854
5855
5857
5858
5861
5862
5865
5866
5871
5873
5878
5879
5883
5890
5893
5894
5897
5899
5903
5906
5907
5909
5911
5914
5917
5918
5921
5927
5933
5934
5935
5938
5939
5942
5943
5946
5953
5955
5962
5963
5965
5969
5970
5971
5973
5974
5977
5979
5983
5989
5990
5991
5995
5998
5999
6002
6006
6007
6009
6011
6018
6019
6022
6023
6026
6029
6033
6034
6041
6045
6046
6047
6049
6051
6054
6055
6058
6059
6062
6065
6067
6070
6074
6077
6079
6081
6082
6083
6085
6086
6089
6090
6095
6097
6101
6103
6106
6107
6110
6114
6118
6121
6123
6130
6131
6133
6134
6135
6139
6141
6142
6145
6146
6151
6153
6157
6158
6159
6163
6166
6167
6170
6177
6179
6181
6182
6186
6187
6189
6191
6193
6194
6195
6197
6198
6202
6205
6207
6209
6213
6214
6215
6222
6226
6227
6230
6231
6233
6235
6238
6242
6243
6245
6247
6249
6251
6254
6257
6258
6259
6263
6265
6269
6270
6271
6278
6279
6283
6286
6287
6289
6294
6298
6299
6301
6303
6305
6306
6307
6310
6313
6314
6319
6326
6331
6334
6335
6338
6342
6347
6355
6357
6359
6361
6362
6365
6366
6369
6374
6377
6382
6383
6387
6391
6394
6398
6401
6403
6410
6411
6415
6418
6421
6431
6433
6437
6438
6439
6443
6446
6447
6454
6457
6459
6466
6467
6469
6473
6474
6477
6478
6481
6482
6486
6487
6493
6494
6495
6499
6502
6503
6506
6510
6511
6513
6515
6522
6523
6527
6529
6530
6531
6533
6537
6538
6545
6549
6551
6555
6557
6558
6559
6562
6569
6571
6578
6581
6582
6583
6585
6586
6587
6589
6590
6593
6594
6599
6601
6605
6607
6611
6614
6618
6622
6630
6634
6635
6637
6639
6641
6643
6645
6646
6649
6657
6661
6662
6663
6667
6670
6671
6674
6677
6681
6683
6689
6690
6691
6693
6695
6697
6698
6699
6701
6702
6706
6710
6711
6717
6718
6719
6726
6730
6734
6737
6739
6742
6745
6746
6747
6749
6751
6753
6754
6755
6757
6758
6761
6766
6767
6769
6771
6773
6774
6779
6782
6783
6790
6793
6802
6803
6805
6807
6809
6810
6814
6817
6818
6821
6823
6829
6830
6834
6835
6838
6839
6842
6846
6851
6855
6861
6863
6865
6866
6869
6870
6873
6874
6879
6881
6886
6887
6891
6895
6898
6902
6905
6906
6907
6914
6915
6917
6919
6922
6923
6926
6931
6935
6937
6941
6942
6943
6946
6947
6951
6954
6961
6963
6970
6971
6973
6977
6978
6979
6981
6982
6985
6986
6987
6991
6997
6998
6999
7003
7006
7009
7010
7014
7017
7019
7026
7027
7031
7033
7034
7035
7037
7041
7042
7046
7049
7053
7054
7055
7057
7058
7059
7062
7063
7066
7070
7073
7082
7085
7087
7089
7090
7091
7093
7094
7097
7099
7103
7107
7109
7111
7115
7118
7122
7126
7129
7130
7131
7133
7138
7141
7143
7145
7147
7149
7153
7159
7161
7163
7165
7166
7167
7171
7174
7178
7185
7186
7187
7194
7195
7197
7199
7201
7202
7205
7206
7210
7215
7217
7221
7222
7223
7230
7231
7234
7235
7238
7241
7242
7243
7249
7251
7253
7255
7257
7258
7259
7261
7262
7265
7266
7271
7273
7277
7278
7279
7283
7286
7287
7291
7294
7297
7302
7306
7307
7309
7310
7311
7313
7314
7315
7318
7321
7322
7323
7327
7329
7333
7334
7339
7342
7343
7346
7347
7355
7363
7365
7367
7369
7370
7373
7374
7377
7378
7383
7385
7387
7390
7391
7395
7402
7409
7411
7418
7419
7421
7423
7426
7427
7429
7430
7433
7439
7441
7445
7446
7447
7451
7453
7454
7455
7458
7462
7465
7467
7471
7473
7474
7477
7481
7482
7483
7485
7486
7489
7490
7495
7501
7503
7507
7510
7511
7518
7521
7523
7530
7531
7534
7535
7537
7538
7539
7541
7545
7553
7557
7558
7559
7561
7562
7563
7566
7567
7570
7574
7577
7579
7585
7586
7589
7591
7593
7594
7597
7598
7599
7601
7602
7607
7609
7613
7615
7619
7622
7626
7630
7633
7635
7642
7643
7645
7647
7649
7651
7653
7654
7657
7658
7663
7665
7667
7669
7670
7671
7678
7679
7682
7687
7689
7690
7691
7698
7699
7701
7703
7705
7706
7707
7709
7710
7711
7714
7719
7721
7726
7727
7734
7735
7738
7745
7747
7754
7755
7757
7759
7761
7762
7763
7765
7766
7769
7770
7777
7779
7781
7782
7783
7786
7787
7790
7798
7801
7810
7811
7813
7814
7815
7817
7818
7819
7822
7826
7831
7833
7837
7838
7843
7846
7847
7854
7859
7862
7867
7869
7871
7873
7874
7877
7878
7879
7881
7882
7887
7891
7894
7895
7899
7903
7906
7910
7913
7915
7922
7923
7927
7930
7931
7933
7934
7937
7945
7949
7951
7955
7958
7959
7962
7966
7969
7971
7973
7978
7979
7981
7985
7989
7990
7993
7994
7999
8002
8005
8006
8007
8011
8014
8015
8017
8018
8022
8027
8034
8035
8038
8039
8041
8042
8043
8045
8049
8051
8057
8061
8062
8063
8067
8070
8071
8074
8078
8081
8083
8086
8087
8090
8093
8095
8097
8098
8099
8101
8102
8105
8106
8111
8113
8115
8117
8119
8123
8126
8130
8137
8139
8146
8147
8149
8151
8153
8155
8157
8158
8161
8162
8165
8167
8169
8173
8174
8179
8182
8186
8193
8195
8197
8202
8203
8205
8207
8209
8210
8211
8213
8218
8223
8227
8229
8230
8231
8233
8238
8239
8242
8246
8249
8251
8255
8258
8259
8261
8263
8265
8266
8267
8269
8270
8273
8274
8277
8279
8282
8285
8286
8287
8291
8294
8295
8302
8305
8314
8315
8317
8319
8321
8322
8323
8326
8329
8335
8337
8339
8341
8342
8347
8351
8354
8355
8357
8358
8362
8363
8371
8373
8374
8377
8378
8382
8385
8386
8391
8393
8395
8398
8399
8403
8407
8414
8417
8418
8419
8426
8429
8431
8434
8435
8437
8438
8441
8446
8447
8449
8453
8454
8455
8459
8462
8463
8466
8473
8482
8483
8485
8489
8490
8491
8493
8494
8497
8498
8503
8509
8510
8511
8515
8517
8518
8519
8522
8529
8531
8535
8538
8539
8543
8545
8546
8547
8549
8553
8554
8557
8561
8565
8566
8567
8571
8574
8578
8582
8585
8587
8594
8597
8599
8601
8602
8603
8605
8606
8607
8609
8610
8615
8617
8621
8623
8627
8630
8634
8637
8638
8641
8642
8643
8651
8653
8655
8657
8659
8661
8662
8665
8666
8671
8677
8678
8679
8682
8683
8686
8687
8690
8697
8699
8706
8707
8709
8710
8711
8713
8714
8715
8717
8718
8727
8729
8733
8734
8735
8742
8743
8745
8746
8749
8753
8755
8761
8762
8763
8765
8767
8769
8770
8773
8774
8777
8778
8783
8785
8789
8790
8791
8795
8798
8799
8806
8809
8818
8819
8821
8823
8826
8827
8830
8834
8839
8841
8845
8846
8851
8854
8855
8858
8859
8862
8863
8867
8877
8879
8881
8882
8885
8886
8887
8889
8890
8895
8897
8899
8902
8903
8905
8907
8911
8914
8915
8921
8923
8926
8930
8931
8933
8935
8938
8939
8941
8942
8945
8951
8953
8958
8963
8966
8969
8970
8974
8977
8979
8986
8987
8989
8994
8995
8997
8998
9001
9002
9007
9010
9013
9014
9015
9019
9022
9023
9026
9030
9033
9035
9042
9043
9047
9049
9051
9053
9057
9058
9069
9070
9071
9073
9078
9079
9082
9085
9086
9089
9091
9097
9098
9101
9103
9105
9106
9107
9109
9110
9113
9119
9121
9122
9127
9129
9131
9134
9138
9139
9142
9143
9145
9147
9154
9155
9157
9159
9161
9165
9166
9169
9170
9177
9181
9182
9183
9187
9190
9191
9194
9201
9203
9205
9209
9210
9211
9213
9215
9217
9218
9219
9221
9222
9226
9231
9233
9237
9238
9239
9246
9247
9254
9257
9259
9266
9267
9269
9271
9273
9274
9277
9278
9281
9282
9287
9289
9290
9293
9294
9299
9301
9302
9303
9313
9322
9323
9327
9329
9330
9331
9334
9337
9338
9343
9345
9349
9355
9358
9361
9362
9363
9366
9370
9371
9379
9381
9382
9383
9385
9389
9390
9393
9394
9395
9399
9401
9406
9407
9411
9415
9418
9422
9427
9434
9435
9437
9439
9442
9443
9445
9446
9449
9455
9461
9462
9463
9467
9470
9471
9474
9478
9481
9483
9490
9491
9493
9497
9498
9499
9501
9502
9505
9511
9517
9518
9519
9523
9526
9527
9530
9534
9539
9542
9546
9547
9551
9553
9554
9557
9561
9562
9565
9569
9573
9574
9579
9582
9586
9590
9593
9595
9602
9605
9606
9607
9609
9611
9613
9614
9617
9618
9623
9629
9631
9634
9635
9638
9642
9646
9649
9651
9658
9659
9661
9663
9665
9667
9669
9670
9673
9674
9679
9681
9685
9686
9687
9690
9691
9694
9695
9698
9705
9707
9714
9715
9717
9718
9719
9721
9722
9723
9726
9727
9730
9735
9737
9741
9742
9743
9754
9755
9758
9761
9763
9766
9770
9771
9773
9777
9778
9779
9781
9782
9785
9786
9790
9791
9793
9795
9797
9798
9799
9803
9805
9806
9807
9813
9814
9817
9827
9829
9831
9833
9834
9835
9838
9841
9842
9847
9853
9854
9857
9859
9862
9863
9866
9870
9871
9883
9885
9887
9889
9890
9893
9894
9897
9902
9903
9905
9906
9910
9911
9915
9919
9926
9929
9931
9938
9939
9941
9943
9946
9949
9953
9957
9959
9961
9965
9966
9967
9974
9978
9982
9985
9987
9994
9995
9997
