-9998
-9997
-9995
-9993
-9991
-9982
-9979
-9978
-9977
-9973
-9962
-9959
-9958
-9957
-9955
-9953
-9951
-9942
-9939
-9938
-9937
-9935
-9933
-9931
-9919
-9917
-9915
-9914
-9913
-9911
-9902
-9899
-9897
-9895
-9893
-9879
-9878
-9877
-9871
-9862
-9859
-9858
-9857
-9853
-9851
-9843
-9842
-9839
-9838
-9835
-9833
-9831
-9822
-9818
-9817
-9815
-9813
-9811
-9799
-9798
-9797
-9795
-9793
-9791
-9790
-9782
-9779
-9778
-9777
-9773
-9771
-9770
-9763
-9762
-9759
-9758
-9757
-9755
-9753
-9742
-9739
-9737
-9735
-9733
-9731
-9722
-9719
-9718
-9717
-9715
-9713
-9710
-9709
-9699
-9698
-9697
-9695
-9691
-9683
-9682
-9679
-9678
-9677
-9673
-9671
-9662
-9659
-9658
-9655
-9651
-9642
-9641
-9638
-9637
-9635
-9631
-9626
-9622
-9619
-9618
-9617
-9615
-9613
-9611
-9602
-9599
-9598
-9597
-9595
-9593
-9591
-9582
-9579
-9578
-9577
-9573
-9571
-9570
-9562
-9557
-9553
-9551
-9542
-9539
-9538
-9535
-9533
-9526
-9519
-9518
-9517
-9515
-9511
-9509
-9502
-9499
-9498
-9497
-9493
-9491
-9482
-9479
-9478
-9473
-9471
-9465
-9462
-9458
-9455
-9453
-9451
-9443
-9442
-9439
-9437
-9435
-9434
-9433
-9431
-9422
-9419
-9418
-9417
-9415
-9413
-9411
-9402
-9399
-9398
-9397
-9395
-9393
-9391
-9382
-9379
-9377
-9374
-9373
-9371
-9370
-9363
-9362
-9358
-9357
-9355
-9353
-9349
-9347
-9339
-9338
-9337
-9335
-9331
-9329
-9322
-9319
-9318
-9313
-9311
-9302
-9299
-9298
-9293
-9291
-9282
-9278
-9277
-9273
-9271
-9266
-9265
-9262
-9259
-9258
-9257
-9255
-9253
-9247
-9242
-9239
-9238
-9237
-9235
-9233
-9231
-9229
-9222
-9219
-9218
-9217
-9215
-9213
-9211
-9202
-9199
-9197
-9195
-9194
-9193
-9191
-9185
-9182
-9179
-9178
-9177
-9173
-9159
-9158
-9157
-9155
-9154
-9151
-9147
-9145
-9142
-9139
-9138
-9137
-9133
-9131
-9123
-9122
-9119
-9118
-9115
-9113
-9111
-9106
-9102
-9098
-9097
-9095
-9093
-9091
-9087
-9085
-9083
-9082
-9079
-9078
-9077
-9074
-9073
-9071
-9062
-9059
-9058
-9057
-9055
-9053
-9051
-9042
-9039
-9038
-9037
-9035
-9033
-9031
-9029
-9022
-9021
-9019
-9017
-9015
-9013
-9011
-9002
-9001
-8999
-8998
-8997
-8995
-8990
-8989
-8985
-8979
-8977
-8971
-8969
-8962
-8958
-8953
-8951
-8942
-8939
-8938
-8935
-8933
-8931
-8922
-8917
-8915
-8913
-8911
-8907
-8905
-8902
-8899
-8898
-8897
-8895
-8893
-8891
-8886
-8882
-8879
-8878
-8877
-8873
-8871
-8862
-8859
-8858
-8857
-8855
-8853
-8851
-8842
-8839
-8837
-8835
-8834
-8831
-8827
-8826
-8822
-8819
-8818
-8817
-8815
-8813
-8801
-8799
-8798
-8797
-8795
-8791
-8782
-8779
-8778
-8777
-8773
-8762
-8759
-8758
-8755
-8753
-8751
-8746
-8745
-8742
-8741
-8738
-8737
-8735
-8733
-8731
-8723
-8719
-8718
-8717
-8715
-8713
-8711
-8702
-8699
-8698
-8697
-8695
-8693
-8691
-8683
-8682
-8679
-8678
-8677
-8671
-8662
-8659
-8657
-8655
-8653
-8651
-8642
-8639
-8638
-8637
-8635
-8633
-8618
-8617
-8615
-8611
-8603
-8602
-8599
-8598
-8597
-8593
-8585
-8582
-8579
-8578
-8573
-8571
-8569
-8567
-8565
-8562
-8558
-8557
-8555
-8553
-8551
-8547
-8546
-8542
-8539
-8538
-8537
-8535
-8534
-8533
-8531
-8522
-8519
-8518
-8517
-8515
-8513
-8511
-8502
-8499
-8498
-8497
-8495
-8493
-8491
-8482
-8479
-8473
-8471
-8466
-8462
-8459
-8458
-8457
-8455
-8453
-8439
-8438
-8437
-8435
-8431
-8422
-8419
-8418
-8417
-8414
-8413
-8411
-8402
-8399
-8398
-8395
-8393
-8391
-8390
-8382
-8378
-8377
-8373
-8371
-8367
-8362
-8359
-8358
-8357
-8355
-8354
-8353
-8351
-8342
-8339
-8338
-8337
-8335
-8333
-8331
-8326
-8322
-8321
-8319
-8318
-8317
-8315
-8313
-8311
-8305
-8302
-8299
-8297
-8295
-8294
-8293
-8291
-8286
-8283
-8282
-8279
-8278
-8277
-8273
-8267
-8265
-8261
-8259
-8258
-8257
-8255
-8251
-8242
-8239
-8238
-8237
-8233
-8231
-8229
-8222
-8219
-8218
-8215
-8213
-8211
-8202
-8198
-8197
-8195
-8193
-8191
-8186
-8182
-8179
-8178
-8177
-8173
-8171
-8162
-8159
-8158
-8157
-8155
-8153
-8151
-8149
-8146
-8142
-8139
-8138
-8137
-8135
-8133
-8131
-8122
-8119
-8117
-8115
-8113
-8111
-8110
-8105
-8102
-8099
-8098
-8097
-8095
-8093
-8079
-8078
-8077
-8071
-8062
-8059
-8058
-8057
-8053
-8051
-8042
-8039
-8038
-8035
-8033
-8031
-8022
-8018
-8017
-8015
-8013
-8011
-8007
-8005
-8002
-7999
-7998
-7997
-7995
-7993
-7991
-7982
-7979
-7978
-7977
-7973
-7971
-7967
-7962
-7959
-7958
-7957
-7955
-7954
-7953
-7951
-7939
-7937
-7933
-7931
-7922
-7919
-7918
-7917
-7915
-7914
-7913
-7899
-7898
-7897
-7895
-7891
-7882
-7879
-7878
-7877
-7874
-7873
-7871
-7869
-7862
-7859
-7858
-7855
-7853
-7851
-7842
-7841
-7838
-7837
-7835
-7833
-7831
-7822
-7819
-7818
-7817
-7815
-7813
-7811
-7802
-7799
-7798
-7797
-7795
-7793
-7790
-7787
-7786
-7782
-7779
-7778
-7777
-7773
-7771
-7762
-7761
-7759
-7757
-7755
-7753
-7751
-7739
-7738
-7737
-7735
-7733
-7719
-7718
-7717
-7715
-7711
-7702
-7699
-7698
-7697
-7691
-7685
-7683
-7682
-7679
-7678
-7673
-7671
-7667
-7662
-7658
-7657
-7655
-7653
-7651
-7642
-7639
-7638
-7637
-7635
-7633
-7631
-7622
-7619
-7618
-7617
-7615
-7613
-7611
-7610
-7602
-7599
-7598
-7597
-7593
-7591
-7590
-7582
-7579
-7577
-7573
-7571
-7570
-7566
-7562
-7559
-7558
-7557
-7555
-7553
-7539
-7538
-7537
-7535
-7531
-7522
-7521
-7519
-7518
-7517
-7513
-7511
-7501
-7499
-7498
-7495
-7493
-7491
-7482
-7478
-7477
-7473
-7471
-7462
-7459
-7458
-7457
-7455
-7453
-7451
-7439
-7438
-7437
-7435
-7433
-7431
-7422
-7419
-7418
-7417
-7415
-7413
-7411
-7410
-7402
-7397
-7395
-7393
-7391
-7385
-7382
-7379
-7378
-7377
-7373
-7359
-7358
-7357
-7355
-7351
-7347
-7342
-7339
-7338
-7337
-7333
-7331
-7330
-7322
-7319
-7318
-7315
-7314
-7313
-7311
-7302
-7298
-7297
-7295
-7293
-7291
-7289
-7282
-7279
-7278
-7277
-7273
-7271
-7262
-7261
-7259
-7258
-7257
-7255
-7253
-7251
-7242
-7239
-7238
-7237
-7235
-7233
-7231
-7226
-7223
-7222
-7219
-7217
-7215
-7213
-7211
-7202
-7199
-7198
-7197
-7195
-7193
-7190
-7186
-7179
-7178
-7177
-7171
-7170
-7162
-7161
-7159
-7158
-7157
-7153
-7151
-7142
-7138
-7135
-7133
-7131
-7130
-7126
-7122
-7118
-7117
-7115
-7114
-7113
-7111
-7102
-7099
-7097
-7095
-7093
-7091
-7085
-7082
-7079
-7078
-7077
-7073
-7071
-7070
-7062
-7059
-7058
-7057
-7055
-7053
-7051
-7042
-7039
-7037
-7035
-7033
-7031
-7022
-7019
-7017
-7015
-7013
-7010
-6999
-6998
-6997
-6995
-6994
-6991
-6987
-6982
-6979
-6978
-6977
-6974
-6973
-6971
-6965
-6959
-6955
-6954
-6953
-6951
-6942
-6938
-6937
-6935
-6933
-6931
-6922
-6919
-6918
-6917
-6915
-6913
-6911
-6910
-6902
-6899
-6898
-6895
-6893
-6891
-6890
-6882
-6879
-6878
-6873
-6871
-6862
-6857
-6855
-6853
-6851
-6842
-6839
-6838
-6837
-6835
-6834
-6833
-6819
-6818
-6817
-6815
-6802
-6799
-6798
-6797
-6793
-6791
-6782
-6779
-6778
-6773
-6771
-6765
-6758
-6757
-6755
-6753
-6751
-6747
-6742
-6739
-6738
-6737
-6735
-6734
-6733
-6731
-6722
-6719
-6718
-6717
-6715
-6711
-6709
-6707
-6702
-6699
-6698
-6697
-6695
-6693
-6691
-6682
-6679
-6677
-6673
-6671
-6665
-6662
-6659
-6658
-6657
-6653
-6641
-6639
-6638
-6637
-6635
-6634
-6631
-6630
-6626
-6622
-6619
-6618
-6617
-6613
-6611
-6603
-6602
-6601
-6599
-6598
-6595
-6593
-6583
-6582
-6581
-6578
-6577
-6573
-6571
-6567
-6565
-6562
-6559
-6558
-6557
-6555
-6554
-6553
-6551
-6542
-6539
-6538
-6537
-6535
-6533
-6531
-6522
-6519
-6518
-6515
-6513
-6511
-6510
-6502
-6499
-6497
-6495
-6494
-6493
-6491
-6482
-6479
-6478
-6477
-6474
-6473
-6467
-6459
-6458
-6457
-6455
-6451
-6442
-6439
-6438
-6437
-6434
-6433
-6431
-6423
-6418
-6415
-6411
-6409
-6407
-6402
-6401
-6398
-6397
-6395
-6393
-6391
-6382
-6379
-6378
-6377
-6373
-6371
-6366
-6362
-6359
-6357
-6355
-6353
-6351
-6347
-6342
-6339
-6338
-6337
-6335
-6333
-6331
-6322
-6319
-6317
-6315
-6313
-6311
-6307
-6305
-6302
-6299
-6298
-6297
-6295
-6293
-6290
-6279
-6278
-6277
-6271
-6266
-6262
-6259
-6258
-6257
-6251
-6242
-6239
-6238
-6235
-6234
-6233
-6231
-6222
-6221
-6218
-6217
-6215
-6213
-6211
-6202
-6199
-6198
-6197
-6195
-6193
-6191
-6182
-6179
-6178
-6177
-6173
-6167
-6162
-6159
-6158
-6157
-6155
-6154
-6153
-6151
-6142
-6139
-6135
-6133
-6131
-6122
-6119
-6118
-6117
-6115
-6113
-6105
-6099
-6098
-6097
-6095
-6091
-6090
-6087
-6086
-6082
-6079
-6078
-6077
-6074
-6073
-6071
-6062
-6059
-6058
-6055
-6053
-6051
-6042
-6038
-6037
-6035
-6033
-6031
-6022
-6019
-6018
-6017
-6015
-6014
-6013
-6011
-6002
-5999
-5998
-5997
-5995
-5993
-5991
-5982
-5979
-5977
-5973
-5971
-5966
-5963
-5962
-5959
-5957
-5955
-5954
-5953
-5951
-5946
-5942
-5939
-5938
-5937
-5935
-5933
-5919
-5918
-5917
-5911
-5906
-5902
-5899
-5898
-5897
-5894
-5893
-5891
-5890
-5885
-5882
-5879
-5878
-5873
-5871
-5862
-5861
-5858
-5857
-5855
-5853
-5851
-5842
-5839
-5838
-5837
-5835
-5833
-5822
-5818
-5817
-5815
-5813
-5811
-5802
-5799
-5798
-5797
-5795
-5793
-5791
-5779
-5777
-5773
-5771
-5767
-5763
-5762
-5759
-5758
-5757
-5755
-5753
-5739
-5738
-5737
-5735
-5731
-5730
-5726
-5722
-5719
-5718
-5717
-5713
-5711
-5703
-5702
-5699
-5698
-5695
-5693
-5691
-5682
-5678
-5677
-5673
-5671
-5667
-5662
-5659
-5658
-5657
-5655
-5653
-5651
-5646
-5642
-5639
-5638
-5637
-5633
-5631
-5627
-5626
-5622
-5619
-5617
-5615
-5613
-5611
-5610
-5602
-5599
-5597
-5595
-5594
-5593
-5591
-5582
-5579
-5578
-5574
-5573
-5570
-5559
-5558
-5557
-5555
-5551
-5543
-5542
-5539
-5538
-5533
-5531
-5522
-5519
-5518
-5515
-5514
-5513
-5511
-5510
-5502
-5498
-5497
-5495
-5493
-5489
-5482
-5479
-5478
-5477
-5473
-5471
-5467
-5462
-5459
-5458
-5457
-5455
-5453
-5451
-5447
-5446
-5442
-5438
-5437
-5435
-5433
-5431
-5422
-5419
-5417
-5413
-5411
-5402
-5399
-5398
-5397
-5395
-5393
-5385
-5379
-5378
-5377
-5371
-5363
-5362
-5359
-5358
-5357
-5353
-5351
-5342
-5339
-5338
-5335
-5333
-5331
-5322
-5318
-5317
-5315
-5313
-5311
-5302
-5299
-5298
-5297
-5295
-5293
-5291
-5285
-5282
-5279
-5278
-5277
-5273
-5271
-5263
-5262
-5259
-5258
-5257
-5255
-5254
-5253
-5251
-5249
-5245
-5242
-5237
-5235
-5234
-5233
-5231
-5222
-5219
-5218
-5217
-5215
-5214
-5213
-5210
-5206
-5199
-5198
-5197
-5195
-5191
-5183
-5182
-5181
-5179
-5178
-5177
-5173
-5171
-5162
-5159
-5158
-5155
-5153
-5151
-5142
-5138
-5137
-5135
-5133
-5131
-5123
-5122
-5119
-5118
-5117
-5115
-5113
-5111
-5105
-5102
-5099
-5098
-5097
-5095
-5093
-5091
-5079
-5078
-5077
-5073
-5071
-5066
-5062
-5059
-5057
-5055
-5053
-5051
-5042
-5039
-5038
-5037
-5035
-5034
-5033
-5021
-5019
-5018
-5017
-5015
-5011
-5009
-5007
-5002
-4999
-4997
-4993
-4991
-4982
-4979
-4978
-4973
-4971
-4965
-4962
-4958
-4957
-4955
-4953
-4951
-4942
-4939
-4938
-4937
-4935
-4933
-4931
-4922
-4919
-4918
-4917
-4915
-4911
-4902
-4899
-4898
-4897
-4895
-4893
-4891
-4886
-4882
-4879
-4877
-4873
-4871
-4863
-4862
-4859
-4858
-4857
-4855
-4853
-4839
-4838
-4837
-4835
-4831
-4823
-4822
-4819
-4818
-4817
-4813
-4811
-4799
-4798
-4795
-4793
-4791
-4790
-4785
-4782
-4778
-4777
-4773
-4771
-4769
-4763
-4762
-4759
-4758
-4757
-4755
-4751
-4747
-4742
-4739
-4738
-4737
-4735
-4733
-4731
-4722
-4718
-4717
-4715
-4713
-4711
-4702
-4699
-4697
-4695
-4691
-4682
-4679
-4678
-4677
-4673
-4659
-4658
-4657
-4651
-4642
-4639
-4638
-4637
-4633
-4631
-4627
-4622
-4619
-4618
-4615
-4613
-4611
-4607
-4602
-4597
-4595
-4593
-4591
-4589
-4582
-4579
-4578
-4577
-4573
-4571
-4565
-4562
-4559
-4558
-4555
-4553
-4551
-4542
-4541
-4539
-4538
-4537
-4535
-4533
-4531
-4522
-4521
-4519
-4517
-4515
-4513
-4511
-4510
-4502
-4499
-4498
-4497
-4495
-4493
-4479
-4478
-4471
-4462
-4458
-4457
-4453
-4451
-4442
-4439
-4438
-4435
-4433
-4431
-4422
-4417
-4415
-4413
-4411
-4402
-4399
-4398
-4397
-4395
-4393
-4391
-4390
-4389
-4386
-4382
-4379
-4378
-4377
-4373
-4371
-4362
-4359
-4358
-4357
-4355
-4354
-4353
-4351
-4343
-4342
-4339
-4337
-4333
-4331
-4330
-4323
-4322
-4319
-4318
-4317
-4315
-4313
-4306
-4299
-4298
-4297
-4295
-4291
-4290
-4282
-4279
-4278
-4277
-4274
-4273
-4271
-4262
-4259
-4258
-4255
-4253
-4251
-4242
-4238
-4237
-4233
-4231
-4229
-4222
-4219
-4218
-4217
-4215
-4213
-4211
-4202
-4201
-4199
-4198
-4197
-4195
-4193
-4191
-4182
-4181
-4179
-4178
-4177
-4173
-4171
-4169
-4162
-4159
-4157
-4155
-4154
-4153
-4151
-4142
-4139
-4138
-4137
-4135
-4133
-4119
-4118
-4117
-4115
-4111
-4102
-4099
-4098
-4097
-4093
-4091
-4087
-4082
-4081
-4079
-4078
-4073
-4071
-4070
-4062
-4058
-4057
-4055
-4053
-4051
-4049
-4043
-4042
-4039
-4038
-4037
-4035
-4033
-4031
-4026
-4022
-4019
-4017
-4015
-4013
-4011
-4010
-4002
-3999
-3998
-3997
-3995
-3991
-3990
-3982
-3979
-3977
-3973
-3966
-3962
-3961
-3959
-3958
-3957
-3955
-3953
-3939
-3938
-3937
-3935
-3931
-3922
-3919
-3918
-3917
-3913
-3911
-3903
-3902
-3899
-3898
-3895
-3894
-3893
-3891
-3890
-3882
-3878
-3877
-3873
-3862
-3859
-3858
-3857
-3855
-3853
-3851
-3842
-3839
-3838
-3837
-3835
-3833
-3831
-3819
-3818
-3817
-3815
-3813
-3811
-3802
-3799
-3797
-3795
-3793
-3791
-3782
-3779
-3778
-3777
-3774
-3770
-3759
-3758
-3755
-3742
-3739
-3738
-3737
-3733
-3731
-3723
-3722
-3719
-3715
-3713
-3711
-3702
-3697
-3695
-3693
-3691
-3682
-3679
-3678
-3677
-3673
-3671
-3666
-3662
-3659
-3658
-3657
-3655
-3653
-3651
-3642
-3639
-3638
-3637
-3635
-3634
-3633
-3631
-3622
-3619
-3617
-3615
-3614
-3613
-3611
-3602
-3599
-3598
-3597
-3595
-3593
-3585
-3579
-3578
-3571
-3565
-3562
-3559
-3558
-3557
-3554
-3553
-3551
-3545
-3542
-3539
-3538
-3535
-3533
-3531
-3522
-3518
-3517
-3515
-3513
-3511
-3502
-3499
-3498
-3497
-3495
-3493
-3491
-3485
-3482
-3478
-3477
-3473
-3471
-3469
-3462
-3459
-3458
-3457
-3455
-3453
-3451
-3443
-3442
-3439
-3437
-3435
-3434
-3433
-3431
-3427
-3422
-3419
-3418
-3417
-3415
-3413
-3399
-3398
-3397
-3395
-3391
-3382
-3379
-3378
-3377
-3374
-3373
-3371
-3359
-3358
-3355
-3354
-3353
-3351
-3342
-3341
-3338
-3337
-3335
-3333
-3331
-3322
-3319
-3318
-3317
-3315
-3314
-3313
-3311
-3310
-3306
-3302
-3299
-3298
-3297
-3295
-3293
-3291
-3282
-3279
-3278
-3277
-3273
-3271
-3270
-3266
-3263
-3262
-3259
-3257
-3255
-3253
-3251
-3245
-3242
-3239
-3238
-3237
-3235
-3233
-3230
-3219
-3218
-3217
-3215
-3206
-3202
-3199
-3198
-3197
-3193
-3191
-3190
-3182
-3178
-3173
-3171
-3162
-3158
-3157
-3155
-3153
-3151
-3142
-3139
-3138
-3137
-3135
-3133
-3131
-3129
-3122
-3119
-3118
-3117
-3115
-3113
-3111
-3103
-3102
-3099
-3098
-3097
-3095
-3094
-3093
-3091
-3082
-3081
-3079
-3077
-3073
-3071
-3062
-3059
-3058
-3057
-3055
-3053
-3039
-3037
-3035
-3031
-3030
-3029
-3027
-3026
-3022
-3019
-3018
-3017
-3014
-3013
-3011
-3002
-2999
-2998
-2995
-2993
-2991
-2987
-2986
-2983
-2982
-2978
-2977
-2973
-2971
-2962
-2959
-2958
-2957
-2955
-2953
-2951
-2942
-2939
-2938
-2937
-2935
-2933
-2931
-2922
-2919
-2918
-2917
-2915
-2914
-2913
-2911
-2906
-2902
-2899
-2897
-2895
-2893
-2882
-2879
-2878
-2877
-2861
-2859
-2858
-2857
-2855
-2851
-2847
-2839
-2838
-2837
-2834
-2833
-2831
-2822
-2819
-2818
-2815
-2813
-2811
-2807
-2802
-2801
-2798
-2797
-2795
-2791
-2787
-2786
-2782
-2779
-2778
-2777
-2773
-2771
-2770
-2762
-2759
-2758
-2757
-2755
-2753
-2751
-2742
-2739
-2737
-2735
-2733
-2731
-2722
-2719
-2717
-2715
-2713
-2711
-2705
-2702
-2699
-2698
-2697
-2694
-2693
-2690
-2685
-2679
-2678
-2677
-2671
-2659
-2658
-2657
-2653
-2651
-2643
-2642
-2639
-2638
-2635
-2634
-2633
-2631
-2627
-2626
-2622
-2618
-2617
-2615
-2613
-2611
-2607
-2603
-2602
-2599
-2598
-2595
-2593
-2591
-2582
-2579
-2578
-2577
-2573
-2571
-2567
-2562
-2559
-2558
-2557
-2555
-2553
-2551
-2542
-2539
-2537
-2534
-2533
-2531
-2526
-2522
-2519
-2518
-2517
-2515
-2513
-2507
-2498
-2497
-2495
-2491
-2485
-2483
-2482
-2479
-2478
-2477
-2474
-2473
-2471
-2463
-2462
-2459
-2458
-2455
-2453
-2451
-2442
-2438
-2437
-2435
-2433
-2431
-2426
-2422
-2419
-2418
-2417
-2415
-2413
-2411
-2402
-2399
-2398
-2397
-2395
-2393
-2391
-2390
-2387
-2382
-2379
-2378
-2377
-2373
-2371
-2370
-2362
-2359
-2357
-2355
-2353
-2351
-2346
-2342
-2339
-2338
-2337
-2335
-2333
-2330
-2323
-2321
-2319
-2318
-2317
-2315
-2311
-2307
-2305
-2302
-2298
-2297
-2293
-2291
-2282
-2279
-2278
-2273
-2271
-2262
-2261
-2258
-2257
-2255
-2253
-2251
-2242
-2239
-2238
-2237
-2235
-2233
-2231
-2222
-2219
-2218
-2217
-2215
-2213
-2211
-2202
-2199
-2198
-2195
-2193
-2191
-2189
-2186
-2185
-2182
-2179
-2177
-2173
-2171
-2162
-2159
-2158
-2157
-2155
-2153
-2139
-2138
-2137
-2135
-2131
-2122
-2119
-2118
-2117
-2113
-2111
-2103
-2102
-2099
-2098
-2095
-2093
-2091
-2090
-2086
-2082
-2081
-2078
-2077
-2073
-2071
-2067
-2065
-2062
-2059
-2055
-2054
-2053
-2051
-2042
-2039
-2038
-2037
-2035
-2033
-2031
-2022
-2019
-2018
-2017
-2015
-2013
-2011
-2006
-2002
-1999
-1997
-1995
-1994
-1993
-1991
-1990
-1982
-1979
-1978
-1977
-1973
-1959
-1958
-1957
-1955
-1951
-1947
-1942
-1939
-1938
-1937
-1933
-1931
-1919
-1918
-1915
-1914
-1913
-1902
-1898
-1897
-1895
-1893
-1891
-1883
-1882
-1879
-1878
-1877
-1873
-1871
-1858
-1857
-1855
-1853
-1851
-1842
-1839
-1838
-1837
-1835
-1833
-1831
-1830
-1822
-1819
-1817
-1811
-1802
-1799
-1798
-1797
-1795
-1793
-1779
-1778
-1777
-1771
-1762
-1759
-1758
-1757
-1753
-1751
-1742
-1739
-1738
-1735
-1733
-1731
-1730
-1727
-1722
-1718
-1717
-1713
-1711
-1709
-1703
-1702
-1699
-1698
-1697
-1695
-1693
-1691
-1679
-1678
-1677
-1673
-1671
-1662
-1661
-1659
-1658
-1657
-1655
-1653
-1651
-1649
-1642
-1639
-1637
-1635
-1633
-1631
-1623
-1622
-1621
-1619
-1618
-1615
-1613
-1599
-1598
-1597
-1595
-1591
-1582
-1579
-1578
-1577
-1571
-1562
-1559
-1558
-1555
-1554
-1553
-1551
-1549
-1547
-1542
-1538
-1537
-1535
-1533
-1531
-1526
-1522
-1518
-1517
-1515
-1513
-1511
-1502
-1499
-1498
-1497
-1495
-1493
-1491
-1490
-1482
-1479
-1478
-1477
-1473
-1471
-1462
-1459
-1457
-1455
-1453
-1451
-1443
-1442
-1439
-1438
-1437
-1435
-1433
-1419
-1418
-1417
-1415
-1411
-1409
-1403
-1402
-1399
-1398
-1397
-1394
-1393
-1391
-1382
-1379
-1378
-1373
-1371
-1362
-1361
-1358
-1357
-1355
-1353
-1351
-1347
-1342
-1339
-1338
-1337
-1335
-1333
-1322
-1319
-1318
-1317
-1315
-1313
-1311
-1310
-1306
-1302
-1299
-1298
-1297
-1295
-1293
-1291
-1289
-1282
-1281
-1279
-1277
-1273
-1271
-1262
-1259
-1258
-1257
-1255
-1254
-1253
-1243
-1239
-1238
-1237
-1235
-1231
-1230
-1226
-1222
-1219
-1218
-1217
-1213
-1211
-1202
-1199
-1198
-1195
-1193
-1191
-1186
-1182
-1178
-1177
-1173
-1171
-1166
-1162
-1159
-1158
-1157
-1155
-1153
-1151
-1145
-1142
-1139
-1138
-1137
-1135
-1133
-1131
-1122
-1119
-1118
-1117
-1115
-1113
-1111
-1106
-1102
-1099
-1097
-1095
-1093
-1091
-1090
-1082
-1079
-1077
-1073
-1067
-1059
-1057
-1055
-1051
-1047
-1042
-1039
-1038
-1037
-1033
-1031
-1022
-1019
-1018
-1015
-1013
-1011
-1003
-1002
-998
-997
-995
-993
-991
-982
-979
-978
-977
-973
-971
-970
-969
-962
-959
-958
-957
-955
-953
-951
-949
-942
-939
-938
-937
-935
-933
-930
-922
-919
-917
-915
-914
-913
-911
-905
-902
-901
-899
-898
-897
-895
-893
-890
-885
-879
-878
-877
-871
-862
-859
-858
-857
-853
-851
-843
-842
-839
-838
-835
-831
-822
-818
-817
-815
-814
-813
-811
-802
-799
-798
-797
-795
-794
-793
-791
-782
-779
-778
-777
-773
-771
-762
-759
-758
-757
-755
-753
-751
-742
-739
-737
-733
-731
-730
-719
-718
-717
-715
-714
-713
-706
-699
-698
-697
-695
-691
-682
-679
-678
-677
-674
-673
-671
-667
-665
-662
-659
-658
-655
-653
-651
-642
-638
-635
-633
-631
-629
-627
-626
-622
-619
-618
-617
-615
-613
-611
-610
-606
-602
-599
-598
-597
-595
-593
-591
-582
-579
-577
-573
-571
-562
-559
-557
-555
-553
-551
-546
-543
-542
-538
-537
-535
-533
-519
-518
-517
-515
-511
-509
-502
-499
-498
-497
-493
-491
-482
-479
-478
-473
-471
-462
-461
-458
-457
-455
-453
-451
-442
-439
-438
-437
-435
-434
-433
-431
-427
-426
-422
-419
-418
-417
-415
-413
-411
-407
-402
-399
-398
-397
-395
-393
-391
-382
-379
-377
-373
-371
-370
-366
-362
-359
-358
-357
-355
-353
-339
-337
-335
-331
-323
-322
-319
-318
-317
-313
-311
-302
-299
-298
-295
-293
-291
-287
-282
-278
-277
-274
-273
-271
-262
-259
-258
-257
-255
-253
-251
-246
-239
-238
-237
-235
-233
-231
-222
-219
-218
-217
-215
-213
-211
-203
-202
-199
-197
-195
-193
-191
-186
-182
-179
-178
-177
-174
-173
-170
-159
-158
-157
-155
-151
-142
-139
-138
-137
-133
-131
-123
-122
-119
-118
-115
-113
-111
-110
-106
-102
-97
-95
-93
-91
-89
-82
-79
-78
-77
-73
-71
-62
-59
-58
-57
-55
-53
-51
-42
-39
-38
-37
-35
-33
-31
-29
-26
-22
-19
-17
-15
-13
-11
-2
6
10
11
13
14
15
17
19
26
30
31
33
34
35
37
39
46
51
53
55
57
59
66
70
71
73
74
77
79
86
89
91
93
94
95
97
101
102
106
110
111
113
114
115
119
130
131
133
134
137
139
142
145
146
151
154
155
157
159
166
170
173
174
177
178
179
186
190
191
193
194
195
197
199
206
210
211
213
214
215
217
219
222
226
229
230
231
233
235
237
239
246
251
253
254
255
257
259
266
271
273
274
277
286
290
291
293
295
298
299
310
311
313
314
317
319
326
330
331
334
335
337
339
346
349
353
354
355
357
359
366
370
371
373
374
377
379
382
385
386
390
391
393
394
395
397
398
399
406
410
411
413
415
417
419
426
427
430
431
433
434
435
437
439
446
451
453
454
455
457
465
466
470
471
473
474
479
481
491
493
494
497
499
505
506
510
511
514
515
517
519
526
530
533
534
535
537
546
551
553
554
555
557
559
566
570
571
573
574
577
579
586
590
591
593
595
597
598
599
606
610
611
613
614
615
617
619
626
627
631
633
634
635
646
649
651
653
654
655
659
665
670
671
673
674
677
679
682
689
690
691
694
695
697
699
706
709
710
713
714
715
717
719
730
731
733
734
737
739
742
746
751
753
754
755
757
759
766
769
770
771
773
777
779
781
786
790
791
793
794
795
797
799
802
806
811
813
814
815
817
826
830
831
834
835
839
842
851
853
854
857
859
866
870
871
874
877
879
885
886
890
893
894
895
897
899
901
902
906
910
911
913
914
915
917
919
926
930
933
934
935
937
939
946
951
953
955
957
958
959
966
969
970
971
973
974
977
979
986
991
993
994
995
997
1003
1006
1010
1011
1013
1015
1019
1030
1031
1033
1034
1037
1039
1042
1046
1051
1054
1055
1057
1059
1066
1070
1073
1074
1077
1079
1086
1090
1091
1093
1094
1095
1097
1099
1105
1106
1110
1111
1113
1114
1115
1117
1119
1126
1130
1131
1133
1135
1137
1139
1146
1151
1153
1154
1155
1157
1159
1166
1171
1173
1174
1177
1186
1190
1191
1193
1194
1195
1198
1199
1211
1213
1214
1217
1218
1219
1226
1229
1230
1231
1234
1235
1237
1239
1243
1246
1249
1253
1254
1255
1257
1259
1266
1270
1271
1273
1277
1279
1281
1286
1290
1291
1293
1294
1295
1297
1299
1306
1310
1311
1313
1315
1317
1319
1326
1330
1333
1334
1335
1337
1339
1342
1346
1351
1353
1354
1355
1357
1361
1366
1370
1371
1373
1374
1379
1390
1391
1393
1394
1397
1399
1403
1406
1409
1410
1411
1414
1415
1417
1419
1426
1430
1433
1434
1435
1437
1439
1441
1446
1451
1453
1454
1455
1457
1459
1466
1471
1473
1474
1477
1479
1486
1490
1491
1493
1495
1497
1499
1502
1506
1510
1511
1513
1514
1515
1517
1522
1526
1529
1531
1533
1534
1535
1537
1546
1551
1553
1554
1555
1558
1559
1570
1571
1574
1577
1579
1582
1586
1590
1591
1594
1595
1597
1599
1601
1606
1610
1613
1614
1615
1619
1626
1630
1631
1633
1634
1635
1637
1639
1646
1649
1651
1653
1654
1655
1657
1659
1662
1670
1671
1673
1677
1679
1686
1687
1691
1693
1695
1697
1699
1702
1706
1707
1711
1713
1714
1717
1721
1726
1730
1731
1733
1735
1739
1751
1753
1754
1757
1758
1759
1766
1770
1771
1774
1777
1779
1786
1790
1793
1794
1795
1797
1799
1802
1806
1810
1811
1814
1817
1819
1826
1830
1831
1833
1834
1835
1837
1839
1846
1851
1853
1855
1857
1861
1866
1870
1871
1873
1874
1877
1878
1879
1883
1885
1886
1891
1893
1894
1895
1897
1906
1910
1913
1914
1915
1919
1923
1930
1931
1933
1934
1937
1939
1943
1946
1951
1954
1955
1957
1959
1966
1970
1973
1974
1977
1979
1986
1990
1991
1993
1994
1995
1997
1999
2006
2010
2011
2013
2014
2015
2017
2019
2022
2026
2030
2031
2033
2035
2037
2039
2046
2051
2053
2054
2055
2059
2065
2066
2071
2073
2074
2077
2078
2086
2089
2090
2091
2093
2094
2095
2099
2110
2111
2113
2114
2117
2119
2121
2126
2127
2130
2131
2134
2135
2137
2139
2146
2153
2154
2155
2157
2159
2170
2171
2173
2174
2177
2179
2185
2186
2190
2191
2193
2194
2195
2199
2206
2210
2211
2213
2215
2217
2219
2226
2230
2231
2233
2234
2235
2237
2238
2239
2246
2249
2251
2253
2255
2257
2261
2262
2265
2266
2270
2271
2273
2274
2279
2290
2291
2293
2294
2297
2306
2310
2311
2314
2315
2317
2319
2326
2330
2333
2334
2335
2337
2339
2343
2346
2351
2353
2354
2355
2357
2359
2362
2365
2370
2371
2373
2374
2377
2379
2386
2390
2391
2393
2395
2397
2398
2399
2406
2410
2411
2413
2414
2415
2417
2419
2422
2426
2431
2433
2434
2435
2437
2446
2449
2451
2453
2454
2455
2459
2462
2463
2470
2471
2473
2474
2477
2479
2486
2489
2490
2491
2494
2495
2497
2498
2506
2510
2513
2514
2515
2517
2519
2526
2530
2531
2533
2534
2537
2539
2542
2545
2546
2551
2553
2554
2555
2557
2559
2566
2570
2571
2573
2577
2579
2581
2586
2590
2591
2593
2594
2595
2599
2606
2611
2613
2614
2615
2617
2621
2626
2630
2631
2633
2634
2635
2638
2639
2651
2653
2654
2657
2659
2665
2666
2670
2671
2674
2677
2678
2679
2685
2686
2690
2693
2694
2697
2699
2706
2710
2711
2713
2714
2715
2717
2719
2726
2730
2731
2733
2734
2735
2737
2739
2746
2751
2753
2755
2757
2758
2759
2761
2762
2766
2770
2771
2773
2774
2777
2779
2786
2791
2794
2795
2797
2801
2806
2810
2811
2813
2814
2815
2819
2829
2830
2831
2833
2834
2837
2839
2846
2851
2854
2855
2857
2859
2866
2869
2870
2874
2877
2879
2882
2886
2893
2894
2895
2897
2899
2906
2910
2911
2913
2914
2915
2917
2919
2926
2929
2930
2931
2933
2935
2937
2939
2941
2946
2951
2953
2954
2955
2957
2958
2959
2966
2971
2973
2974
2977
2981
2982
2983
2986
2990
2991
2993
2994
2995
2999
3001
3009
3010
3011
3013
3014
3017
3019
3026
3027
3030
3031
3034
3035
3037
3039
3046
3053
3054
3055
3057
3058
3059
3066
3070
3071
3073
3074
3077
3079
3081
3086
3090
3091
3093
3094
3095
3097
3099
3106
3110
3111
3113
3115
3117
3119
3126
3127
3129
3130
3131
3133
3134
3135
3137
3139
3151
3153
3154
3155
3157
3161
3165
3166
3170
3171
3173
3182
3190
3191
3193
3194
3197
3198
3199
3206
3210
3214
3215
3217
3219
3226
3230
3233
3235
3237
3239
3246
3251
3253
3254
3255
3257
3259
3266
3270
3271
3273
3274
3277
3279
3286
3290
3291
3293
3295
3297
3299
3306
3310
3311
3313
3314
3315
3317
3318
3319
3322
3326
3331
3333
3334
3335
3337
3346
3349
3351
3353
3354
3355
3359
3370
3371
3373
3374
3377
3379
3386
3390
3391
3394
3395
3397
3399
3406
3410
3413
3414
3415
3417
3419
3421
3426
3431
3433
3434
3435
3437
3439
3442
3446
3451
3453
3454
3455
3457
3459
3466
3470
3471
3473
3477
3486
3490
3491
3493
3494
3495
3497
3499
3506
3511
3513
3514
3515
3517
3526
3530
3531
3533
3534
3535
3539
3551
3553
3554
3557
3559
3562
3566
3570
3571
3574
3579
3585
3586
3590
3593
3594
3595
3597
3598
3599
3601
3606
3611
3613
3614
3615
3617
3619
3629
3631
3633
3634
3635
3637
3639
3646
3651
3653
3655
3657
3659
3666
3670
3671
3673
3674
3677
3679
3686
3691
3693
3694
3695
3697
3702
3706
3710
3711
3713
3714
3715
3719
3729
3730
3731
3733
3734
3737
3738
3739
3741
3746
3754
3755
3759
3766
3770
3774
3777
3779
3781
3786
3787
3790
3791
3793
3794
3795
3797
3799
3806
3809
3810
3811
3813
3814
3815
3817
3819
3826
3830
3831
3833
3835
3837
3839
3846
3851
3853
3854
3855
3857
3859
3866
3873
3874
3877
3886
3890
3891
3893
3894
3895
3898
3899
3905
3910
3911
3913
3914
3917
3919
3926
3930
3931
3934
3935
3937
3939
3946
3953
3954
3955
3957
3959
3961
3966
3970
3973
3974
3977
3979
3986
3990
3991
3994
3995
3997
3999
4006
4009
4010
4011
4013
4015
4017
4019
4021
4026
4030
4031
4033
4034
4035
4037
4039
4043
4045
4051
4053
4054
4055
4057
4063
4065
4066
4070
4071
4073
4074
4079
4081
4082
4087
4089
4090
4091
4093
4094
4097
4099
4106
4110
4111
4115
4117
4119
4121
4126
4130
4133
4134
4135
4137
4139
4146
4151
4153
4154
4155
4157
4159
4161
4166
4170
4171
4173
4174
4177
4179
4186
4190
4191
4193
4195
4197
4199
4201
4206
4210
4211
4213
4215
4217
4219
4226
4231
4233
4234
4237
4246
4251
4253
4254
4255
4259
4270
4271
4273
4274
4277
4279
4286
4290
4291
4294
4295
4297
4299
4306
4310
4313
4314
4315
4317
4319
4321
4326
4330
4331
4333
4334
4337
4339
4346
4351
4353
4354
4355
4357
4359
4366
4370
4371
4373
4377
4379
4386
4389
4390
4391
4393
4395
4397
4399
4406
4411
4413
4414
4415
4417
4426
4430
4431
4433
4434
4435
4438
4439
4451
4453
4454
4457
4465
4466
4470
4471
4474
4478
4479
4486
4490
4493
4494
4495
4497
4499
4506
4510
4511
4513
4514
4515
4517
4519
4521
4522
4526
4530
4531
4533
4534
4535
4537
4539
4542
4546
4551
4553
4555
4559
4566
4570
4571
4573
4574
4577
4579
4586
4591
4593
4594
4595
4597
4610
4611
4613
4614
4615
4619
4630
4631
4633
4634
4637
4639
4641
4642
4646
4651
4654
4657
4659
4661
4666
4670
4673
4674
4677
4679
4686
4690
4691
4694
4695
4697
4699
4702
4706
4710
4711
4713
4714
4715
4717
4726
4729
4730
4731
4733
4735
4737
4739
4746
4751
4754
4755
4757
4759
4766
4771
4773
4774
4777
4785
4786
4790
4791
4793
4794
4795
4799
4810
4811
4813
4814
4817
4819
4826
4830
4831
4834
4835
4837
4839
4843
4846
4853
4854
4855
4857
4859
4866
4870
4871
4873
4874
4877
4879
4882
4886
4890
4891
4893
4894
4895
4897
4898
4899
4906
4910
4911
4915
4917
4919
4926
4930
4931
4933
4934
4935
4937
4939
4942
4946
4951
4953
4954
4955
4957
4966
4970
4971
4973
4974
4978
4979
4982
4990
4991
4993
4994
4997
4999
5002
5006
5010
5011
5014
5015
5017
5019
5026
5030
5033
5034
5035
5037
5039
5051
5053
5055
5057
5059
5066
5071
5073
5074
5077
5079
5086
5090
5091
5093
5095
5097
5098
5099
5106
5109
5110
5111
5113
5114
5115
5117
5119
5122
5126
5131
5133
5134
5135
5137
5146
5151
5153
5154
5155
5159
5170
5171
5173
5174
5177
5179
5181
5185
5186
5190
5191
5195
5197
5199
5206
5210
5213
5214
5215
5217
5219
5226
5230
5231
5233
5234
5235
5237
5245
5246
5249
5251
5253
5254
5255
5257
5259
5262
5263
5266
5270
5271
5273
5277
5278
5279
5286
5289
5291
5293
5294
5295
5297
5299
5302
5305
5306
5311
5313
5314
5315
5317
5326
5330
5331
5333
5334
5335
5338
5339
5342
5351
5353
5354
5357
5359
5363
5366
5370
5371
5374
5377
5379
5385
5386
5393
5394
5395
5397
5399
5406
5410
5411
5413
5414
5417
5419
5426
5430
5431
5433
5434
5435
5437
5438
5446
5451
5453
5455
5457
5458
5459
5466
5470
5471
5473
5474
5477
5479
5486
5493
5494
5495
5497
5506
5510
5511
5513
5514
5515
5519
5530
5531
5533
5534
5539
5542
5545
5546
5551
5554
5555
5557
5559
5570
5573
5574
5578
5579
5582
5590
5591
5593
5594
5595
5597
5599
5606
5610
5611
5613
5614
5615
5617
5619
5626
5627
5629
5630
5631
5633
5637
5639
5646
5651
5653
5654
5655
5657
5658
5659
5666
5669
5671
5673
5674
5677
5686
5690
5691
5693
5694
5695
5699
5710
5711
5713
5714
5717
5719
5726
5729
5730
5731
5734
5735
5737
5738
5739
5753
5754
5755
5757
5759
5767
5770
5771
5773
5774
5777
5779
5786
5790
5791
5793
5794
5795
5797
5799
5806
5809
5810
5811
5813
5815
5817
5818
5826
5830
5833
5834
5835
5837
5839
5846
5851
5853
5854
5855
5857
5863
5866
5870
5871
5873
5874
5879
5890
5891
5893
5894
5897
5899
5901
5906
5910
5911
5914
5917
5918
5919
5926
5930
5933
5934
5935
5937
5939
5946
5951
5953
5954
5955
5957
5959
5962
5966
5970
5971
5973
5974
5977
5979
5986
5990
5991
5993
5995
5997
5999
6001
6006
6010
6011
6013
6014
6015
6017
6018
6019
6026
6031
6033
6034
6035
6037
6046
6051
6053
6054
6055
6058
6059
6070
6071
6073
6074
6077
6079
6086
6090
6091
6094
6095
6097
6099
6105
6106
6110
6113
6114
6115
6117
6119
6126
6130
6131
6133
6134
6135
6139
6142
6146
6151
6153
6154
6155
6157
6159
6162
6166
6170
6173
6177
6179
6186
6190
6191
6193
6194
6195
6197
6199
6205
6206
6211
6213
6214
6215
6217
6222
6226
6230
6231
6233
6234
6235
6238
6239
6251
6254
6257
6259
6262
6266
6270
6271
6274
6277
6279
6286
6289
6290
6293
6294
6295
6297
6299
6305
6306
6307
6310
6311
6313
6314
6315
6317
6319
6322
6326
6330
6331
6333
6334
6335
6337
6339
6346
6351
6353
6355
6357
6359
6361
6362
6366
6371
6373
6374
6377
6379
6382
6386
6391
6393
6394
6395
6397
6398
6402
6405
6406
6409
6410
6411
6414
6415
6423
6430
6431
6433
6434
6437
6438
6439
6446
6451
6454
6455
6457
6459
6466
6470
6473
6474
6477
6479
6481
6486
6490
6491
6493
6494
6495
6497
6499
6503
6506
6510
6511
6513
6514
6515
6519
6526
6529
6530
6531
6533
6535
6537
6539
6546
6551
6553
6554
6555
6557
6559
6571
6573
6574
6577
6586
6590
6593
6594
6595
6599
6610
6611
6613
6614
6617
6619
6626
6630
6631
6634
6635
6637
6638
6639
6641
6646
6653
6654
6657
6659
6666
6670
6671
6673
6674
6677
6679
6682
6685
6686
6690
6691
6693
6694
6695
6697
6699
6706
6707
6710
6711
6715
6717
6719
6726
6730
6731
6733
6734
6735
6737
6739
6746
6751
6753
6754
6755
6757
6765
6766
6770
6771
6773
6774
6779
6782
6790
6791
6793
6794
6797
6799
6805
6806
6810
6814
6815
6817
6819
6826
6830
6833
6834
6835
6837
6838
6839
6846
6847
6851
6853
6854
6855
6857
6866
6869
6870
6871
6873
6874
6879
6886
6890
6891
6893
6895
6899
6902
6906
6910
6911
6913
6914
6915
6917
6919
6926
6927
6931
6933
6934
6935
6937
6941
6946
6951
6953
6954
6955
6959
6961
6970
6971
6973
6974
6977
6979
6985
6986
6989
6990
6991
6994
6995
6997
6999
7006
7010
7013
7014
7015
7017
7019
7026
7030
7031
7033
7034
7035
7037
7039
7046
7051
7053
7054
7055
7057
7059
7066
7070
7071
7073
7077
7079
7086
7090
7091
7093
7094
7095
7097
7099
7106
7111
7113
7114
7115
7117
7126
7130
7131
7133
7134
7135
7151
7153
7157
7159
7161
7166
7170
7171
7174
7177
7178
7179
7186
7190
7193
7194
7195
7197
7198
7199
7201
7206
7210
7211
7213
7214
7215
7217
7219
7223
7226
7230
7231
7233
7234
7235
7237
7239
7241
7246
7251
7253
7255
7257
7259
7262
7266
7270
7271
7273
7274
7277
7279
7286
7291
7293
7294
7295
7297
7306
7310
7311
7313
7314
7315
7319
7321
7330
7331
7333
7334
7337
7339
7345
7346
7347
7351
7354
7355
7357
7359
7366
7370
7373
7374
7377
7379
7386
7390
7391
7393
7394
7395
7397
7402
7410
7411
7413
7414
7415
7417
7419
7426
7427
7430
7431
7433
7435
7437
7439
7446
7451
7453
7454
7455
7457
7459
7466
7471
7473
7474
7477
7486
7490
7491
7493
7494
7495
7499
7503
7510
7511
7513
7517
7519
7521
7526
7530
7531
7534
7535
7537
7539
7553
7554
7555
7557
7559
7566
7570
7571
7573
7574
7577
7579
7586
7590
7591
7593
7594
7597
7599
7601
7606
7610
7611
7613
7615
7617
7619
7626
7630
7631
7633
7634
7635
7637
7639
7645
7646
7649
7651
7653
7654
7655
7657
7663
7666
7670
7671
7673
7674
7679
7683
7690
7691
7694
7697
7699
7706
7710
7711
7714
7715
7717
7718
7719
7726
7730
7733
7734
7735
7737
7738
7739
7746
7751
7753
7754
7755
7757
7759
7761
7766
7770
7771
7773
7777
7779
7786
7790
7793
7795
7797
7799
7806
7810
7811
7813
7814
7815
7817
7819
7822
7826
7831
7833
7834
7835
7837
7841
7846
7851
7853
7854
7855
7858
7859
7869
7870
7871
7873
7874
7877
7879
7885
7886
7890
7891
7894
7895
7897
7899
7906
7910
7913
7914
7915
7917
7919
7926
7930
7931
7933
7934
7937
7939
7946
7951
7953
7954
7955
7957
7959
7961
7966
7970
7971
7973
7977
7979
7990
7991
7993
7994
7995
7997
7998
7999
8006
8007
8009
8011
8013
8014
8015
8017
8018
8026
8027
8030
8031
8033
8034
8035
8039
8051
8053
8054
8057
8059
8066
8070
8071
8074
8077
8079
8086
8090
8093
8094
8095
8097
8098
8099
8101
8106
8110
8111
8113
8114
8115
8117
8119
8126
8129
8130
8131
8133
8135
8137
8139
8146
8151
8153
8155
8157
8159
8161
8165
8166
8170
8171
8173
8174
8177
8179
8186
8191
8193
8194
8195
8197
8206
8210
8211
8213
8215
8219
8223
8230
8231
8233
8234
8237
8239
8246
8251
8254
8255
8257
8259
8265
8266
8267
8270
8273
8274
8277
8279
8286
8290
8291
8293
8294
8295
8297
8299
8305
8306
8310
8311
8313
8314
8315
8317
8319
8322
8326
8331
8333
8335
8337
8339
8346
8351
8353
8354
8355
8357
8359
8366
8371
8373
8374
8377
8386
8390
8391
8393
8394
8395
8398
8399
8402
8411
8413
8414
8417
8419
8426
8430
8431
8434
8435
8437
8439
8446
8453
8454
8455
8457
8459
8461
8466
8471
8473
8474
8479
8481
8486
8490
8491
8493
8494
8495
8497
8499
8502
8506
8510
8511
8513
8515
8517
8519
8530
8531
8533
8534
8535
8537
8539
8545
8546
8547
8551
8553
8554
8555
8557
8566
8567
8569
8570
8571
8573
8574
8579
8589
8590
8593
8594
8597
8599
8605
8606
8610
8611
8614
8615
8617
8626
8630
8633
8634
8635
8637
8639
8641
8646
8651
8653
8654
8655
8657
8659
8666
8671
8674
8677
8679
8683
8686
8689
8690
8691
8693
8695
8697
8699
8706
8710
8711
8713
8714
8715
8717
8719
8726
8731
8733
8734
8735
8737
8742
8745
8746
8751
8753
8754
8755
8759
8770
8773
8774
8777
8779
8782
8786
8790
8791
8794
8795
8797
8799
8806
8810
8813
8814
8815
8817
8819
8822
8826
8827
8830
8831
8834
8835
8837
8839
8842
8846
8851
8853
8854
8855
8857
8859
8866
8870
8871
8873
8877
8879
8886
8890
8891
8893
8894
8895
8897
8899
8905
8906
8911
8913
8914
8915
8917
8926
8930
8931
8933
8934
8935
8939
8951
8953
8966
8970
8971
8974
8977
8979
8985
8986
8990
8994
8995
8997
8998
8999
9001
9006
9010
9011
9013
9014
9015
9017
9019
9023
9026
9030
9031
9033
9034
9035
9037
9039
9046
9051
9053
9055
9057
9059
9062
9066
9070
9071
9073
9074
9077
9079
9085
9086
9087
9091
9093
9094
9095
9097
9106
9109
9110
9111
9113
9115
9119
9129
9130
9131
9133
9134
9137
9139
9142
9145
9146
9147
9151
9154
9155
9157
9159
9166
9169
9170
9173
9174
9177
9179
9182
9186
9190
9191
9193
9194
9195
9197
9199
9206
9210
9211
9213
9214
9215
9217
9219
9226
9230
9231
9233
9235
9237
9238
9239
9246
9253
9254
9255
9257
9259
9265
9266
9271
9273
9274
9277
9286
9290
9291
9293
9294
9298
9299
9301
9307
9311
9313
9314
9319
9326
9330
9331
9334
9335
9337
9339
9345
9346
9353
9354
9355
9357
9361
9366
9370
9371
9373
9374
9377
9379
9390
9391
9393
9394
9395
9397
9399
9406
9410
9411
9413
9415
9417
9418
9419
9426
9430
9431
9433
9434
9435
9437
9439
9446
9451
9453
9454
9455
9466
9470
9471
9473
9474
9479
9490
9491
9493
9494
9497
9499
9510
9511
9514
9515
9517
9519
9526
9530
9533
9534
9535
9538
9539
9546
9551
9553
9554
9557
9566
9570
9571
9573
9574
9577
9579
9586
9590
9591
9593
9595
9597
9599
9605
9606
9611
9613
9614
9615
9617
9618
9619
9626
9631
9634
9635
9637
9641
9646
9651
9654
9655
9659
9670
9671
9673
9674
9677
9679
9681
9686
9690
9691
9694
9695
9697
9699
9706
9709
9710
9713
9714
9715
9717
9719
9726
9730
9731
9733
9734
9735
9737
9739
9746
9749
9753
9754
9755
9757
9759
9766
9769
9770
9771
9773
9777
9779
9786
9790
9791
9793
9794
9795
9797
9799
9805
9806
9811
9813
9814
9815
9817
9829
9830
9831
9833
9834
9835
9839
9841
9847
9851
9853
9854
9857
9859
9866
9870
9871
9874
9877
9879
9886
9890
9893
9894
9895
9897
9899
9901
9903
9906
9910
9911
9913
9914
9915
9917
9919
9926
9929
9930
9931
9933
9934
9935
9937
9939
9941
9946
9951
9953
9955
9957
9959
9966
9970
9973
9974
9977
9979
9986
9991
9993
9994
9995
9997
9998
