-9994
-9993
-9989
-9986
-9983
-9982
-9979
-9977
-9970
-9969
-9965
-9959
-9958
-9957
-9955
-9953
-9951
-9946
-9941
-9935
-9934
-9933
-9931
-9929
-9921
-9917
-9911
-9910
-9907
-9905
-9903
-9897
-9893
-9889
-9887
-9886
-9885
-9883
-9881
-9879
-9874
-9869
-9863
-9862
-9861
-9859
-9857
-9845
-9841
-9839
-9838
-9835
-9834
-9833
-9831
-9827
-9821
-9815
-9814
-9813
-9811
-9809
-9807
-9806
-9797
-9794
-9791
-9790
-9789
-9787
-9785
-9778
-9777
-9773
-9769
-9767
-9766
-9763
-9761
-9759
-9754
-9753
-9749
-9746
-9743
-9742
-9741
-9739
-9737
-9735
-9730
-9723
-9719
-9718
-9717
-9715
-9713
-9706
-9705
-9701
-9697
-9695
-9694
-9691
-9690
-9689
-9687
-9682
-9681
-9677
-9673
-9671
-9670
-9669
-9667
-9665
-9663
-9658
-9647
-9646
-9645
-9643
-9641
-9634
-9629
-9623
-9622
-9619
-9617
-9615
-9614
-9611
-9609
-9605
-9601
-9599
-9598
-9597
-9595
-9593
-9591
-9586
-9581
-9574
-9573
-9571
-9569
-9562
-9561
-9557
-9551
-9547
-9545
-9543
-9542
-9541
-9538
-9533
-9527
-9526
-9523
-9521
-9519
-9514
-9509
-9503
-9502
-9501
-9499
-9497
-9494
-9490
-9489
-9487
-9485
-9483
-9479
-9478
-9473
-9471
-9469
-9466
-9465
-9461
-9455
-9454
-9453
-9451
-9449
-9447
-9442
-9437
-9431
-9430
-9429
-9427
-9422
-9418
-9417
-9413
-9407
-9406
-9403
-9401
-9399
-9398
-9394
-9393
-9389
-9383
-9382
-9381
-9379
-9377
-9370
-9366
-9365
-9361
-9358
-9357
-9355
-9353
-9347
-9346
-9345
-9341
-9335
-9334
-9331
-9329
-9327
-9326
-9322
-9321
-9311
-9309
-9307
-9305
-9303
-9301
-9298
-9293
-9287
-9286
-9285
-9283
-9281
-9274
-9273
-9269
-9266
-9263
-9262
-9259
-9257
-9255
-9249
-9239
-9238
-9237
-9235
-9233
-9231
-9226
-9221
-9215
-9214
-9213
-9211
-9210
-9209
-9202
-9201
-9197
-9191
-9190
-9187
-9185
-9183
-9178
-9177
-9173
-9167
-9166
-9165
-9161
-9159
-9154
-9149
-9145
-9143
-9142
-9141
-9139
-9137
-9130
-9129
-9119
-9118
-9115
-9113
-9111
-9106
-9105
-9101
-9095
-9094
-9093
-9091
-9089
-9087
-9082
-9077
-9071
-9070
-9069
-9067
-9062
-9058
-9057
-9053
-9047
-9046
-9043
-9041
-9039
-9037
-9034
-9033
-9029
-9023
-9022
-9021
-9019
-9017
-9015
-9010
-9005
-8999
-8998
-8997
-8995
-8986
-8985
-8981
-8974
-8971
-8969
-8965
-8962
-8961
-8951
-8949
-8947
-8945
-8943
-8938
-8935
-8934
-8933
-8927
-8926
-8923
-8921
-8914
-8913
-8909
-8903
-8902
-8899
-8897
-8895
-8891
-8890
-8889
-8885
-8879
-8878
-8877
-8873
-8871
-8866
-8861
-8855
-8854
-8853
-8851
-8849
-8845
-8842
-8841
-8837
-8831
-8830
-8827
-8823
-8818
-8817
-8813
-8807
-8806
-8805
-8803
-8801
-8799
-8794
-8789
-8783
-8782
-8781
-8779
-8777
-8770
-8769
-8765
-8762
-8761
-8759
-8758
-8755
-8753
-8751
-8749
-8746
-8745
-8741
-8738
-8735
-8734
-8733
-8731
-8729
-8727
-8717
-8715
-8711
-8710
-8709
-8707
-8705
-8701
-8698
-8697
-8693
-8690
-8687
-8686
-8683
-8681
-8679
-8674
-8669
-8663
-8662
-8661
-8659
-8657
-8655
-8654
-8646
-8645
-8639
-8638
-8637
-8635
-8633
-8626
-8621
-8615
-8614
-8611
-8609
-8607
-8602
-8601
-8597
-8594
-8590
-8589
-8587
-8585
-8583
-8578
-8573
-8569
-8567
-8566
-8565
-8563
-8562
-8561
-8554
-8553
-8549
-8543
-8542
-8539
-8537
-8535
-8530
-8529
-8519
-8518
-8517
-8515
-8513
-8511
-8509
-8506
-8501
-8495
-8494
-8493
-8491
-8489
-8482
-8481
-8471
-8467
-8465
-8463
-8458
-8457
-8453
-8447
-8446
-8445
-8443
-8441
-8439
-8437
-8434
-8429
-8423
-8422
-8421
-8419
-8417
-8409
-8402
-8399
-8398
-8395
-8393
-8391
-8386
-8385
-8374
-8373
-8371
-8369
-8367
-8366
-8362
-8358
-8357
-8354
-8351
-8347
-8346
-8345
-8338
-8337
-8335
-8333
-8327
-8326
-8323
-8322
-8321
-8319
-8314
-8313
-8310
-8309
-8305
-8302
-8301
-8299
-8297
-8295
-8294
-8290
-8285
-8279
-8278
-8277
-8273
-8266
-8265
-8261
-8257
-8255
-8254
-8251
-8249
-8247
-8246
-8242
-8241
-8239
-8237
-8231
-8230
-8229
-8227
-8223
-8218
-8215
-8213
-8207
-8206
-8205
-8203
-8202
-8201
-8195
-8194
-8193
-8189
-8182
-8179
-8178
-8177
-8170
-8169
-8165
-8159
-8158
-8157
-8155
-8153
-8151
-8146
-8141
-8138
-8135
-8133
-8131
-8129
-8126
-8122
-8121
-8117
-8113
-8111
-8110
-8105
-8103
-8098
-8097
-8094
-8093
-8090
-8087
-8086
-8083
-8081
-8079
-8078
-8074
-8070
-8069
-8063
-8062
-8061
-8059
-8057
-8049
-8045
-8043
-8041
-8039
-8038
-8035
-8033
-8031
-8030
-8026
-8021
-8018
-8015
-8014
-8013
-8011
-8009
-8007
-8002
-7997
-7995
-7993
-7991
-7990
-7989
-7985
-7979
-7978
-7977
-7973
-7969
-7967
-7966
-7963
-7961
-7959
-7957
-7954
-7953
-7949
-7945
-7941
-7939
-7937
-7930
-7919
-7918
-7917
-7915
-7913
-7906
-7905
-7901
-7898
-7895
-7894
-7891
-7890
-7887
-7886
-7882
-7881
-7877
-7874
-7871
-7870
-7869
-7867
-7863
-7858
-7853
-7847
-7846
-7845
-7843
-7841
-7837
-7834
-7833
-7829
-7826
-7823
-7822
-7819
-7817
-7815
-7810
-7809
-7805
-7799
-7798
-7797
-7795
-7793
-7786
-7781
-7773
-7771
-7770
-7769
-7766
-7762
-7761
-7757
-7755
-7751
-7747
-7745
-7743
-7739
-7738
-7737
-7733
-7729
-7727
-7726
-7723
-7721
-7719
-7714
-7709
-7703
-7702
-7701
-7699
-7698
-7697
-7694
-7690
-7689
-7685
-7679
-7678
-7673
-7671
-7670
-7666
-7665
-7661
-7655
-7654
-7653
-7651
-7649
-7647
-7642
-7637
-7634
-7631
-7630
-7629
-7627
-7618
-7617
-7615
-7613
-7607
-7606
-7603
-7601
-7599
-7594
-7593
-7589
-7583
-7582
-7579
-7577
-7574
-7570
-7565
-7559
-7558
-7557
-7555
-7553
-7545
-7541
-7535
-7534
-7531
-7529
-7527
-7522
-7521
-7517
-7511
-7510
-7509
-7507
-7505
-7503
-7498
-7493
-7490
-7487
-7486
-7485
-7483
-7481
-7474
-7473
-7469
-7463
-7462
-7459
-7457
-7455
-7449
-7445
-7439
-7438
-7437
-7435
-7433
-7431
-7429
-7426
-7421
-7415
-7414
-7413
-7411
-7409
-7402
-7401
-7397
-7395
-7391
-7390
-7387
-7385
-7383
-7378
-7377
-7373
-7367
-7366
-7365
-7363
-7361
-7359
-7354
-7349
-7343
-7342
-7341
-7339
-7337
-7330
-7329
-7321
-7319
-7318
-7315
-7313
-7311
-7306
-7305
-7295
-7294
-7293
-7291
-7289
-7287
-7282
-7277
-7271
-7270
-7269
-7265
-7258
-7257
-7253
-7247
-7246
-7243
-7241
-7239
-7234
-7233
-7229
-7223
-7222
-7221
-7219
-7217
-7215
-7214
-7210
-7206
-7205
-7201
-7199
-7198
-7197
-7195
-7193
-7190
-7189
-7186
-7185
-7181
-7177
-7174
-7171
-7169
-7167
-7162
-7161
-7157
-7153
-7151
-7149
-7147
-7145
-7143
-7138
-7133
-7127
-7126
-7123
-7121
-7118
-7114
-7113
-7109
-7106
-7103
-7102
-7099
-7097
-7095
-7090
-7089
-7085
-7081
-7079
-7078
-7077
-7073
-7071
-7070
-7066
-7062
-7061
-7059
-7058
-7055
-7054
-7053
-7051
-7049
-7045
-7042
-7041
-7037
-7035
-7033
-7031
-7030
-7027
-7023
-7017
-7015
-7013
-7009
-7006
-7005
-7003
-7001
-6999
-6994
-6990
-6989
-6986
-6985
-6983
-6982
-6981
-6979
-6977
-6970
-6969
-6965
-6959
-6955
-6953
-6951
-6946
-6945
-6942
-6941
-6935
-6934
-6933
-6931
-6927
-6926
-6922
-6919
-6917
-6911
-6910
-6907
-6906
-6905
-6901
-6898
-6893
-6890
-6887
-6886
-6883
-6881
-6879
-6874
-6873
-6869
-6863
-6862
-6861
-6857
-6855
-6853
-6839
-6838
-6837
-6835
-6834
-6833
-6826
-6821
-6818
-6815
-6814
-6810
-6809
-6807
-6802
-6801
-6797
-6791
-6790
-6789
-6787
-6785
-6783
-6778
-6774
-6773
-6767
-6766
-6765
-6763
-6761
-6754
-6753
-6749
-6747
-6745
-6743
-6742
-6739
-6737
-6735
-6730
-6729
-6722
-6721
-6719
-6718
-6717
-6715
-6711
-6706
-6701
-6695
-6694
-6693
-6691
-6689
-6683
-6682
-6681
-6677
-6671
-6670
-6667
-6665
-6663
-6658
-6657
-6653
-6646
-6645
-6643
-6641
-6639
-6634
-6629
-6623
-6622
-6621
-6619
-6618
-6617
-6610
-6609
-6605
-6601
-6599
-6598
-6595
-6593
-6586
-6585
-6581
-6574
-6573
-6571
-6569
-6567
-6565
-6562
-6557
-6551
-6549
-6547
-6546
-6545
-6542
-6538
-6537
-6535
-6533
-6527
-6526
-6523
-6521
-6519
-6514
-6513
-6509
-6503
-6502
-6501
-6499
-6497
-6495
-6494
-6490
-6486
-6485
-6479
-6478
-6477
-6473
-6466
-6465
-6461
-6457
-6455
-6454
-6451
-6449
-6447
-6445
-6442
-6441
-6438
-6437
-6431
-6430
-6429
-6427
-6423
-6418
-6415
-6411
-6409
-6407
-6406
-6405
-6403
-6402
-6401
-6394
-6393
-6389
-6383
-6382
-6379
-6377
-6369
-6365
-6359
-6357
-6355
-6353
-6351
-6346
-6342
-6341
-6337
-6335
-6334
-6333
-6331
-6330
-6329
-6322
-6319
-6317
-6313
-6311
-6310
-6307
-6305
-6303
-6298
-6297
-6293
-6290
-6287
-6286
-6285
-6283
-6281
-6279
-6274
-6270
-6269
-6263
-6262
-6261
-6259
-6257
-6251
-6249
-6245
-6239
-6238
-6235
-6233
-6231
-6226
-6221
-6215
-6214
-6213
-6211
-6209
-6207
-6202
-6197
-6194
-6191
-6190
-6189
-6187
-6186
-6185
-6178
-6177
-6173
-6167
-6166
-6163
-6161
-6159
-6158
-6154
-6153
-6149
-6143
-6142
-6141
-6139
-6135
-6130
-6119
-6118
-6117
-6115
-6113
-6110
-6106
-6105
-6101
-6098
-6095
-6094
-6091
-6089
-6087
-6086
-6083
-6082
-6081
-6077
-6073
-6071
-6070
-6067
-6065
-6063
-6062
-6061
-6058
-6054
-6053
-6047
-6046
-6045
-6043
-6041
-6034
-6033
-6029
-6026
-6023
-6022
-6019
-6018
-6017
-6015
-6014
-6013
-6010
-6009
-6006
-6005
-5999
-5998
-5997
-5995
-5993
-5991
-5986
-5981
-5979
-5974
-5973
-5971
-5969
-5962
-5961
-5957
-5951
-5947
-5945
-5943
-5938
-5937
-5933
-5927
-5926
-5923
-5921
-5919
-5914
-5909
-5903
-5902
-5901
-5899
-5898
-5897
-5894
-5890
-5889
-5885
-5883
-5879
-5878
-5873
-5871
-5866
-5865
-5861
-5855
-5854
-5853
-5851
-5849
-5847
-5842
-5837
-5830
-5829
-5827
-5826
-5818
-5817
-5815
-5813
-5809
-5807
-5806
-5803
-5801
-5799
-5797
-5795
-5794
-5793
-5789
-5786
-5783
-5781
-5779
-5777
-5771
-5770
-5765
-5762
-5759
-5758
-5757
-5755
-5753
-5745
-5741
-5735
-5734
-5731
-5729
-5727
-5722
-5721
-5717
-5714
-5711
-5710
-5709
-5707
-5705
-5703
-5699
-5698
-5693
-5691
-5686
-5685
-5683
-5681
-5678
-5677
-5674
-5673
-5669
-5663
-5662
-5659
-5658
-5657
-5655
-5654
-5649
-5645
-5642
-5639
-5638
-5637
-5633
-5631
-5626
-5621
-5615
-5614
-5613
-5611
-5609
-5602
-5601
-5597
-5591
-5590
-5587
-5585
-5583
-5582
-5578
-5573
-5567
-5565
-5563
-5561
-5559
-5554
-5549
-5543
-5542
-5541
-5539
-5530
-5529
-5522
-5519
-5518
-5515
-5513
-5511
-5506
-5505
-5501
-5495
-5494
-5493
-5489
-5487
-5482
-5477
-5474
-5471
-5470
-5469
-5467
-5465
-5461
-5458
-5457
-5453
-5447
-5446
-5443
-5442
-5441
-5434
-5433
-5429
-5423
-5422
-5421
-5419
-5417
-5410
-5405
-5402
-5399
-5398
-5397
-5395
-5393
-5386
-5385
-5381
-5379
-5377
-5374
-5371
-5369
-5367
-5362
-5361
-5357
-5351
-5349
-5347
-5345
-5343
-5338
-5334
-5333
-5327
-5326
-5323
-5321
-5314
-5313
-5309
-5303
-5302
-5299
-5297
-5295
-5289
-5285
-5279
-5278
-5277
-5273
-5271
-5266
-5261
-5255
-5254
-5253
-5251
-5249
-5242
-5241
-5237
-5233
-5231
-5230
-5227
-5223
-5222
-5219
-5218
-5217
-5213
-5209
-5207
-5206
-5205
-5201
-5199
-5198
-5189
-5186
-5183
-5182
-5181
-5179
-5177
-5174
-5170
-5169
-5165
-5159
-5158
-5155
-5153
-5151
-5146
-5141
-5135
-5134
-5133
-5131
-5129
-5127
-5122
-5117
-5115
-5111
-5110
-5109
-5107
-5106
-5105
-5102
-5098
-5097
-5093
-5087
-5086
-5083
-5081
-5079
-5074
-5073
-5069
-5063
-5062
-5061
-5059
-5057
-5055
-5045
-5039
-5038
-5037
-5035
-5033
-5026
-5021
-5015
-5014
-5011
-5010
-5009
-5007
-5006
-5005
-5002
-5001
-4997
-4993
-4991
-4990
-4989
-4987
-4985
-4983
-4978
-4973
-4971
-4967
-4966
-4965
-4963
-4954
-4953
-4943
-4942
-4939
-4937
-4935
-4930
-4929
-4919
-4918
-4917
-4915
-4911
-4906
-4899
-4898
-4897
-4895
-4894
-4893
-4891
-4889
-4882
-4881
-4877
-4871
-4870
-4867
-4866
-4865
-4863
-4858
-4857
-4853
-4847
-4846
-4845
-4843
-4841
-4839
-4834
-4830
-4829
-4823
-4822
-4821
-4819
-4817
-4810
-4809
-4801
-4799
-4798
-4795
-4794
-4793
-4791
-4790
-4786
-4785
-4781
-4774
-4773
-4771
-4769
-4767
-4762
-4757
-4751
-4749
-4747
-4745
-4738
-4737
-4735
-4733
-4730
-4727
-4726
-4723
-4722
-4721
-4714
-4713
-4709
-4703
-4702
-4701
-4699
-4697
-4695
-4690
-4685
-4679
-4678
-4677
-4673
-4669
-4666
-4665
-4661
-4658
-4654
-4651
-4649
-4647
-4645
-4642
-4641
-4637
-4631
-4630
-4629
-4627
-4623
-4619
-4618
-4613
-4607
-4605
-4603
-4601
-4594
-4593
-4589
-4583
-4582
-4579
-4577
-4571
-4570
-4569
-4565
-4559
-4558
-4555
-4553
-4551
-4546
-4541
-4537
-4535
-4534
-4533
-4531
-4529
-4526
-4522
-4521
-4517
-4515
-4511
-4510
-4507
-4505
-4503
-4498
-4497
-4493
-4487
-4486
-4485
-4483
-4481
-4479
-4474
-4469
-4466
-4463
-4462
-4461
-4458
-4457
-4449
-4445
-4439
-4438
-4435
-4433
-4431
-4427
-4426
-4421
-4415
-4414
-4413
-4411
-4409
-4407
-4405
-4402
-4397
-4391
-4390
-4389
-4387
-4386
-4385
-4381
-4378
-4377
-4373
-4369
-4367
-4366
-4363
-4359
-4354
-4353
-4349
-4345
-4343
-4342
-4341
-4339
-4337
-4330
-4323
-4319
-4318
-4317
-4315
-4313
-4306
-4305
-4301
-4297
-4295
-4294
-4291
-4289
-4287
-4282
-4281
-4278
-4277
-4271
-4270
-4269
-4267
-4265
-4258
-4255
-4253
-4251
-4247
-4246
-4245
-4243
-4241
-4234
-4233
-4229
-4226
-4223
-4222
-4219
-4217
-4215
-4210
-4209
-4199
-4198
-4197
-4195
-4193
-4191
-4186
-4183
-4181
-4178
-4174
-4173
-4171
-4170
-4169
-4162
-4161
-4157
-4154
-4151
-4147
-4145
-4143
-4138
-4137
-4135
-4133
-4127
-4126
-4123
-4121
-4119
-4109
-4103
-4102
-4101
-4099
-4097
-4090
-4089
-4085
-4081
-4079
-4078
-4073
-4071
-4066
-4065
-4061
-4055
-4054
-4053
-4051
-4049
-4047
-4042
-4037
-4031
-4030
-4029
-4027
-4026
-4017
-4013
-4009
-4007
-4006
-4003
-4002
-4001
-3999
-3994
-3989
-3983
-3982
-3981
-3979
-3977
-3970
-3965
-3961
-3959
-3958
-3957
-3955
-3953
-3946
-3945
-3941
-3939
-3935
-3934
-3931
-3929
-3927
-3922
-3921
-3917
-3914
-3913
-3911
-3910
-3909
-3907
-3905
-3903
-3898
-3894
-3893
-3886
-3885
-3883
-3881
-3874
-3873
-3869
-3863
-3862
-3859
-3857
-3855
-3854
-3849
-3845
-3839
-3838
-3837
-3835
-3833
-3831
-3826
-3821
-3815
-3814
-3813
-3811
-3809
-3805
-3802
-3801
-3797
-3795
-3791
-3790
-3787
-3785
-3783
-3778
-3777
-3774
-3769
-3767
-3766
-3765
-3763
-3761
-3759
-3755
-3754
-3749
-3743
-3742
-3741
-3739
-3737
-3730
-3729
-3719
-3715
-3713
-3711
-3706
-3705
-3701
-3695
-3694
-3693
-3691
-3689
-3687
-3685
-3682
-3677
-3671
-3670
-3669
-3667
-3666
-3665
-3661
-3658
-3657
-3653
-3647
-3646
-3643
-3641
-3639
-3634
-3633
-3629
-3623
-3622
-3621
-3619
-3617
-3615
-3606
-3605
-3602
-3599
-3598
-3597
-3595
-3593
-3586
-3585
-3581
-3574
-3571
-3570
-3569
-3567
-3566
-3565
-3562
-3561
-3557
-3553
-3551
-3547
-3545
-3543
-3542
-3538
-3533
-3527
-3526
-3523
-3521
-3514
-3513
-3506
-3503
-3502
-3499
-3497
-3495
-3490
-3489
-3485
-3478
-3477
-3473
-3471
-3466
-3461
-3457
-3455
-3454
-3453
-3451
-3449
-3442
-3441
-3437
-3435
-3431
-3427
-3423
-3418
-3417
-3413
-3407
-3406
-3405
-3403
-3401
-3399
-3394
-3389
-3383
-3382
-3379
-3378
-3377
-3370
-3369
-3365
-3359
-3358
-3355
-3354
-3353
-3351
-3346
-3345
-3341
-3337
-3335
-3334
-3333
-3331
-3329
-3327
-3322
-3317
-3311
-3310
-3309
-3307
-3306
-3305
-3298
-3297
-3293
-3290
-3289
-3287
-3286
-3281
-3279
-3274
-3273
-3269
-3263
-3262
-3261
-3259
-3257
-3255
-3245
-3239
-3238
-3237
-3235
-3233
-3226
-3221
-3218
-3215
-3214
-3209
-3207
-3202
-3201
-3199
-3197
-3191
-3190
-3189
-3187
-3183
-3178
-3173
-3167
-3166
-3165
-3163
-3161
-3154
-3153
-3149
-3143
-3142
-3139
-3137
-3135
-3131
-3130
-3129
-3119
-3118
-3117
-3115
-3113
-3111
-3110
-3106
-3101
-3097
-3095
-3094
-3093
-3091
-3089
-3082
-3081
-3077
-3071
-3070
-3067
-3065
-3063
-3059
-3058
-3057
-3055
-3053
-3047
-3046
-3045
-3043
-3041
-3039
-3034
-3030
-3029
-3026
-3023
-3022
-3021
-3019
-3017
-3014
-3010
-3009
-3005
-2999
-2998
-2995
-2993
-2991
-2986
-2985
-2983
-2981
-2977
-2974
-2973
-2971
-2969
-2967
-2962
-2957
-2954
-2951
-2949
-2947
-2945
-2938
-2937
-2933
-2927
-2926
-2923
-2921
-2919
-2915
-2914
-2913
-2909
-2905
-2903
-2902
-2901
-2899
-2897
-2895
-2885
-2879
-2878
-2877
-2866
-2865
-2861
-2855
-2854
-2851
-2849
-2847
-2841
-2837
-2831
-2830
-2829
-2827
-2823
-2822
-2821
-2818
-2813
-2807
-2806
-2805
-2803
-2801
-2798
-2794
-2789
-2786
-2782
-2779
-2777
-2770
-2769
-2765
-2759
-2758
-2757
-2755
-2753
-2751
-2746
-2743
-2742
-2741
-2735
-2734
-2733
-2731
-2730
-2729
-2722
-2721
-2717
-2714
-2713
-2711
-2710
-2707
-2706
-2705
-2703
-2702
-2701
-2698
-2697
-2693
-2689
-2687
-2686
-2685
-2683
-2681
-2679
-2678
-2674
-2669
-2667
-2663
-2661
-2659
-2657
-2649
-2641
-2639
-2638
-2635
-2633
-2631
-2629
-2626
-2621
-2615
-2614
-2613
-2611
-2609
-2607
-2606
-2605
-2602
-2593
-2591
-2590
-2589
-2587
-2585
-2578
-2577
-2573
-2567
-2566
-2563
-2561
-2559
-2554
-2553
-2549
-2543
-2542
-2539
-2537
-2530
-2521
-2519
-2518
-2517
-2515
-2513
-2506
-2505
-2501
-2498
-2495
-2494
-2491
-2489
-2487
-2482
-2481
-2478
-2477
-2471
-2470
-2469
-2467
-2465
-2463
-2458
-2454
-2453
-2451
-2447
-2446
-2445
-2443
-2441
-2434
-2433
-2429
-2423
-2422
-2419
-2417
-2415
-2414
-2410
-2409
-2405
-2402
-2399
-2398
-2397
-2395
-2393
-2391
-2390
-2386
-2381
-2379
-2374
-2373
-2371
-2369
-2362
-2361
-2357
-2354
-2353
-2351
-2347
-2345
-2343
-2338
-2337
-2333
-2329
-2327
-2326
-2323
-2321
-2319
-2314
-2310
-2309
-2306
-2302
-2301
-2298
-2297
-2290
-2289
-2285
-2279
-2278
-2274
-2273
-2271
-2266
-2265
-2261
-2255
-2253
-2251
-2249
-2247
-2245
-2242
-2237
-2231
-2230
-2229
-2227
-2218
-2217
-2215
-2213
-2207
-2206
-2203
-2201
-2199
-2194
-2193
-2189
-2183
-2182
-2181
-2179
-2177
-2170
-2165
-2161
-2159
-2158
-2157
-2155
-2153
-2149
-2146
-2145
-2141
-2135
-2134
-2131
-2130
-2129
-2127
-2126
-2122
-2121
-2117
-2114
-2111
-2110
-2109
-2105
-2103
-2098
-2093
-2090
-2089
-2087
-2086
-2085
-2083
-2081
-2074
-2073
-2069
-2066
-2063
-2062
-2059
-2055
-2054
-2049
-2046
-2045
-2041
-2039
-2038
-2037
-2035
-2033
-2031
-2026
-2021
-2015
-2014
-2013
-2011
-2006
-2002
-2001
-1997
-1991
-1990
-1987
-1985
-1983
-1978
-1977
-1974
-1973
-1969
-1967
-1966
-1965
-1963
-1961
-1959
-1958
-1954
-1949
-1947
-1943
-1942
-1941
-1939
-1937
-1930
-1929
-1919
-1918
-1915
-1914
-1913
-1906
-1905
-1903
-1901
-1895
-1894
-1893
-1891
-1889
-1887
-1886
-1885
-1882
-1877
-1874
-1871
-1870
-1869
-1867
-1865
-1858
-1857
-1855
-1853
-1847
-1846
-1843
-1841
-1839
-1838
-1837
-1834
-1833
-1829
-1826
-1823
-1822
-1821
-1819
-1817
-1810
-1802
-1799
-1798
-1797
-1795
-1794
-1793
-1786
-1785
-1781
-1778
-1777
-1774
-1771
-1769
-1767
-1762
-1761
-1757
-1753
-1751
-1749
-1747
-1745
-1743
-1738
-1733
-1731
-1727
-1726
-1723
-1721
-1717
-1714
-1713
-1709
-1703
-1702
-1699
-1697
-1695
-1689
-1685
-1679
-1678
-1677
-1673
-1671
-1661
-1659
-1655
-1654
-1653
-1651
-1649
-1642
-1641
-1639
-1637
-1631
-1630
-1627
-1623
-1618
-1615
-1613
-1610
-1609
-1607
-1606
-1605
-1603
-1601
-1599
-1598
-1595
-1594
-1589
-1583
-1582
-1581
-1579
-1578
-1577
-1570
-1569
-1565
-1559
-1558
-1555
-1553
-1551
-1546
-1545
-1541
-1535
-1534
-1533
-1531
-1529
-1527
-1522
-1517
-1511
-1510
-1509
-1507
-1506
-1505
-1498
-1497
-1493
-1489
-1487
-1486
-1483
-1481
-1479
-1474
-1473
-1469
-1463
-1462
-1461
-1459
-1457
-1455
-1446
-1442
-1439
-1438
-1437
-1435
-1434
-1433
-1430
-1426
-1415
-1414
-1411
-1409
-1407
-1402
-1401
-1397
-1394
-1391
-1390
-1389
-1387
-1385
-1383
-1378
-1373
-1367
-1366
-1365
-1363
-1362
-1361
-1358
-1357
-1355
-1354
-1353
-1351
-1349
-1343
-1342
-1339
-1337
-1335
-1334
-1333
-1330
-1329
-1321
-1319
-1318
-1317
-1315
-1313
-1311
-1309
-1306
-1302
-1301
-1299
-1295
-1294
-1293
-1291
-1290
-1289
-1282
-1281
-1277
-1271
-1270
-1267
-1265
-1263
-1262
-1258
-1257
-1253
-1247
-1246
-1245
-1243
-1241
-1239
-1234
-1229
-1223
-1222
-1221
-1219
-1217
-1209
-1205
-1199
-1198
-1195
-1193
-1191
-1186
-1185
-1181
-1178
-1174
-1173
-1171
-1169
-1167
-1162
-1157
-1154
-1153
-1151
-1149
-1147
-1146
-1145
-1139
-1138
-1137
-1135
-1133
-1126
-1123
-1121
-1119
-1114
-1113
-1110
-1109
-1105
-1103
-1102
-1101
-1099
-1097
-1095
-1090
-1085
-1081
-1079
-1077
-1073
-1066
-1065
-1061
-1055
-1054
-1051
-1049
-1047
-1042
-1041
-1037
-1033
-1031
-1030
-1027
-1023
-1018
-1013
-1009
-1007
-1006
-1005
-1003
-1002
-1001
-994
-993
-989
-983
-982
-979
-977
-970
-969
-965
-959
-958
-957
-955
-953
-951
-946
-941
-939
-938
-935
-934
-933
-929
-922
-921
-917
-911
-910
-907
-905
-903
-901
-898
-897
-893
-887
-886
-885
-883
-881
-879
-874
-870
-869
-863
-862
-861
-859
-858
-857
-849
-839
-838
-835
-831
-826
-821
-815
-814
-813
-811
-809
-807
-802
-797
-793
-791
-790
-789
-787
-785
-782
-778
-777
-773
-770
-767
-766
-763
-761
-759
-755
-754
-753
-749
-743
-742
-741
-739
-737
-730
-719
-718
-717
-715
-713
-710
-706
-705
-701
-697
-695
-694
-691
-690
-689
-687
-682
-681
-677
-674
-671
-670
-669
-667
-665
-663
-658
-653
-651
-649
-647
-646
-645
-643
-641
-634
-633
-629
-623
-622
-619
-617
-615
-610
-609
-599
-598
-597
-595
-593
-591
-586
-582
-581
-574
-573
-571
-570
-569
-562
-561
-559
-557
-551
-547
-545
-543
-538
-537
-533
-527
-526
-523
-521
-519
-514
-510
-509
-503
-502
-501
-499
-498
-497
-489
-485
-481
-479
-478
-473
-471
-466
-465
-461
-455
-454
-453
-451
-449
-447
-445
-442
-437
-434
-433
-431
-430
-429
-427
-418
-417
-413
-410
-409
-407
-406
-403
-401
-399
-398
-394
-393
-390
-389
-385
-383
-382
-381
-379
-377
-370
-365
-359
-358
-357
-355
-353
-346
-345
-341
-335
-334
-331
-329
-327
-322
-321
-319
-317
-311
-310
-309
-307
-305
-303
-302
-299
-298
-293
-287
-286
-285
-283
-281
-274
-273
-269
-263
-262
-259
-258
-257
-255
-249
-239
-238
-237
-235
-233
-231
-226
-221
-215
-214
-213
-211
-209
-206
-205
-203
-202
-201
-197
-191
-190
-187
-185
-183
-178
-177
-173
-167
-166
-165
-163
-161
-159
-155
-154
-149
-146
-143
-142
-141
-139
-137
-133
-130
-129
-119
-118
-115
-114
-113
-111
-106
-105
-101
-97
-95
-94
-93
-91
-89
-87
-82
-77
-71
-70
-69
-67
-66
-65
-58
-57
-53
-47
-46
-43
-41
-39
-34
-33
-29
-23
-22
-21
-19
-17
-15
-14
-10
-5
6
10
11
13
17
21
22
23
30
34
35
37
39
41
42
46
47
55
58
59
61
65
66
69
70
71
73
78
82
83
85
89
93
94
95
102
105
106
107
109
113
114
118
119
130
131
133
134
137
138
141
142
143
146
154
155
157
161
165
166
167
174
178
179
181
185
186
190
191
193
202
203
205
209
210
213
214
215
222
226
227
229
230
233
237
238
239
241
246
251
253
257
258
259
262
263
266
274
277
278
281
282
285
286
287
298
299
301
305
309
310
311
318
322
323
327
329
330
334
335
346
347
349
353
354
357
358
359
366
370
371
373
374
377
381
382
383
385
390
394
395
397
399
401
402
406
407
409
418
419
421
426
429
430
431
438
442
443
445
449
453
454
455
457
462
466
467
469
473
474
478
479
481
491
493
497
498
501
502
503
510
514
515
517
521
526
527
534
538
541
545
546
551
561
562
563
565
569
570
573
574
579
581
582
586
587
589
593
597
598
599
601
606
610
611
613
614
617
618
622
623
634
635
641
642
645
646
647
651
654
655
658
659
661
662
665
669
670
671
674
678
682
683
685
689
690
694
695
706
707
709
713
714
717
718
719
730
731
733
737
741
742
743
754
755
757
759
761
762
763
766
767
769
777
778
779
781
785
786
789
790
791
798
799
802
803
805
809
813
814
815
822
826
827
829
830
831
834
838
839
851
853
857
858
861
862
863
870
874
877
881
885
886
887
890
894
897
898
899
901
905
906
910
911
915
922
923
929
930
933
934
935
939
942
943
946
947
949
953
957
958
959
966
970
971
973
977
978
979
982
983
994
995
997
998
1001
1002
1005
1006
1007
1015
1018
1019
1021
1023
1027
1030
1031
1038
1042
1043
1045
1049
1054
1055
1065
1066
1067
1069
1073
1074
1077
1079
1081
1086
1090
1091
1093
1097
1101
1102
1103
1105
1106
1110
1114
1115
1117
1121
1122
1126
1131
1133
1138
1139
1141
1145
1146
1149
1151
1153
1154
1158
1162
1163
1165
1169
1173
1174
1182
1186
1187
1189
1193
1194
1195
1198
1199
1211
1213
1217
1218
1221
1222
1223
1230
1234
1235
1237
1239
1241
1245
1246
1247
1254
1255
1258
1259
1261
1263
1265
1266
1270
1271
1282
1283
1285
1289
1290
1293
1294
1295
1297
1302
1306
1307
1309
1313
1317
1318
1319
1326
1330
1333
1337
1338
1342
1343
1351
1353
1354
1355
1357
1361
1362
1365
1366
1367
1374
1378
1379
1381
1385
1389
1390
1391
1394
1398
1402
1403
1405
1407
1409
1410
1414
1415
1426
1427
1429
1433
1434
1437
1438
1439
1442
1446
1451
1453
1457
1461
1462
1463
1469
1474
1477
1481
1482
1486
1487
1498
1499
1501
1505
1506
1509
1510
1511
1518
1522
1523
1529
1533
1534
1535
1542
1545
1546
1547
1549
1553
1554
1558
1559
1570
1571
1577
1578
1581
1582
1583
1590
1594
1595
1597
1601
1605
1606
1607
1614
1615
1618
1619
1621
1626
1630
1631
1634
1635
1642
1643
1645
1649
1653
1654
1655
1659
1662
1667
1669
1673
1677
1678
1679
1686
1691
1693
1697
1698
1702
1703
1705
1711
1714
1717
1721
1722
1726
1727
1729
1731
1738
1739
1741
1745
1749
1751
1758
1762
1763
1765
1769
1770
1771
1774
1786
1787
1789
1793
1794
1795
1797
1798
1799
1801
1803
1806
1810
1811
1817
1821
1822
1823
1830
1834
1835
1837
1841
1842
1846
1847
1858
1861
1865
1866
1869
1870
1871
1873
1878
1882
1883
1885
1889
1893
1894
1895
1902
1905
1906
1907
1909
1913
1914
1918
1919
1921
1930
1931
1933
1937
1938
1941
1942
1943
1954
1955
1957
1961
1965
1966
1967
1974
1978
1979
1981
1985
1986
1990
1991
2001
2002
2003
2005
2010
2013
2014
2015
2019
2022
2026
2027
2029
2030
2033
2037
2038
2039
2041
2045
2046
2051
2053
2059
2062
2063
2067
2074
2077
2081
2082
2085
2086
2087
2094
2098
2099
2101
2105
2109
2110
2111
2114
2118
2122
2123
2129
2130
2134
2135
2145
2146
2147
2149
2153
2154
2157
2158
2159
2163
2170
2171
2173
2177
2181
2182
2183
2185
2190
2194
2195
2201
2202
2206
2207
2211
2218
2219
2221
2222
2226
2229
2230
2231
2233
2238
2242
2243
2245
2249
2253
2255
2257
2262
2266
2267
2269
2273
2274
2278
2279
2281
2289
2290
2291
2293
2297
2298
2301
2302
2306
2307
2310
2314
2315
2317
2318
2321
2323
2326
2327
2329
2334
2337
2338
2339
2341
2345
2346
2351
2353
2354
2362
2363
2365
2369
2370
2373
2374
2379
2382
2386
2387
2389
2393
2395
2397
2398
2399
2402
2406
2407
2410
2411
2413
2417
2418
2419
2422
2423
2434
2435
2437
2441
2442
2445
2446
2447
2454
2455
2458
2459
2461
2465
2469
2470
2471
2478
2482
2483
2485
2489
2490
2494
2495
2506
2507
2509
2513
2514
2517
2518
2519
2521
2526
2530
2531
2533
2537
2542
2543
2554
2555
2557
2561
2562
2566
2567
2578
2579
2581
2585
2586
2589
2590
2591
2598
2602
2603
2605
2609
2613
2614
2615
2622
2626
2627
2629
2633
2634
2638
2639
2651
2653
2657
2658
2661
2663
2666
2669
2670
2674
2677
2681
2685
2686
2687
2694
2697
2698
2699
2701
2705
2706
2710
2711
2714
2715
2722
2723
2726
2729
2730
2733
2734
2735
2739
2742
2743
2746
2747
2749
2753
2755
2757
2758
2759
2766
2770
2771
2773
2774
2777
2778
2782
2786
2794
2795
2797
2801
2802
2805
2806
2807
2811
2814
2818
2819
2821
2827
2829
2830
2831
2838
2843
2845
2849
2854
2855
2857
2865
2866
2867
2869
2870
2874
2877
2878
2879
2886
2893
2897
2901
2902
2903
2905
2910
2914
2915
2917
2921
2922
2926
2927
2938
2939
2941
2945
2946
2949
2951
2958
2962
2963
2965
2969
2973
2974
2982
2983
2986
2987
2993
2994
2995
2998
2999
3010
3011
3013
3014
3017
3018
3021
3022
3023
3026
3030
3034
3035
3037
3041
3045
3046
3047
3049
3054
3058
3059
3061
3065
3066
3070
3071
3082
3083
3085
3089
3090
3093
3094
3095
3102
3106
3107
3109
3113
3117
3118
3119
3121
3122
3126
3130
3131
3133
3137
3138
3142
3143
3154
3155
3157
3161
3162
3165
3166
3167
3169
3178
3181
3189
3190
3191
3198
3199
3201
3202
3203
3205
3209
3210
3214
3215
3226
3227
3229
3230
3233
3237
3238
3239
3245
3246
3247
3251
3253
3257
3261
3262
3263
3270
3274
3277
3279
3281
3282
3286
3287
3289
3298
3299
3301
3305
3306
3309
3310
3311
3318
3322
3323
3329
3333
3334
3335
3342
3346
3347
3349
3351
3353
3354
3358
3359
3361
3363
3370
3371
3373
3377
3378
3382
3383
3390
3394
3395
3397
3401
3405
3406
3407
3410
3414
3418
3419
3421
3423
3426
3431
3442
3443
3445
3449
3453
3454
3455
3458
3462
3466
3467
3469
3473
3477
3478
3486
3490
3491
3493
3497
3498
3502
3503
3514
3515
3517
3521
3522
3526
3527
3531
3534
3538
3539
3541
3545
3551
3558
3562
3563
3565
3569
3570
3574
3586
3587
3589
3593
3594
3597
3598
3599
3601
3606
3611
3613
3615
3617
3621
3622
3623
3634
3635
3637
3641
3642
3646
3647
3649
3658
3659
3661
3665
3666
3669
3670
3671
3674
3678
3682
3683
3685
3686
3689
3693
3694
3695
3702
3706
3707
3709
3713
3714
3719
3730
3731
3733
3737
3738
3741
3742
3743
3754
3755
3761
3765
3766
3767
3769
3774
3778
3779
3781
3785
3786
3790
3791
3794
3795
3802
3803
3805
3809
3810
3813
3814
3815
3819
3826
3827
3829
3830
3833
3837
3838
3839
3846
3851
3853
3857
3858
3862
3863
3874
3877
3881
3882
3885
3886
3891
3893
3894
3898
3899
3901
3905
3909
3910
3911
3918
3922
3923
3929
3930
3934
3935
3946
3947
3949
3953
3954
3957
3958
3959
3961
3966
3970
3973
3977
3981
3982
3983
3990
3994
3995
3997
3999
4001
4002
4006
4007
4010
4019
4021
4026
4029
4030
4031
4033
4038
4042
4043
4045
4049
4053
4054
4055
4057
4062
4066
4069
4073
4074
4078
4079
4090
4091
4093
4097
4098
4101
4102
4103
4110
4115
4117
4118
4121
4126
4127
4130
4134
4138
4139
4141
4145
4146
4151
4153
4161
4162
4163
4169
4170
4171
4173
4174
4182
4186
4187
4189
4193
4195
4197
4198
4199
4206
4210
4211
4213
4217
4218
4222
4223
4226
4234
4237
4241
4242
4245
4246
4247
4251
4254
4258
4259
4261
4262
4265
4267
4269
4270
4271
4278
4279
4282
4283
4285
4289
4290
4291
4294
4295
4306
4307
4309
4310
4313
4314
4317
4318
4319
4326
4330
4331
4333
4337
4341
4342
4343
4351
4354
4355
4357
4359
4362
4366
4367
4369
4378
4379
4381
4385
4386
4389
4390
4391
4393
4398
4402
4403
4405
4409
4413
4414
4415
4422
4426
4427
4429
4433
4434
4438
4439
4445
4451
4453
4457
4458
4461
4462
4463
4465
4470
4474
4481
4485
4486
4487
4494
4495
4498
4499
4501
4503
4505
4506
4510
4511
4515
4522
4523
4529
4530
4533
4534
4535
4542
4546
4547
4549
4551
4553
4558
4559
4566
4570
4571
4573
4577
4578
4582
4583
4594
4595
4597
4601
4602
4605
4607
4614
4618
4619
4621
4629
4630
4631
4638
4641
4642
4643
4645
4646
4649
4654
4666
4667
4669
4670
4673
4674
4677
4678
4679
4686
4690
4691
4694
4697
4699
4701
4702
4703
4710
4714
4715
4717
4721
4722
4726
4727
4729
4738
4739
4741
4745
4746
4747
4749
4751
4758
4762
4763
4765
4767
4769
4771
4773
4774
4782
4785
4786
4787
4789
4793
4794
4798
4799
4810
4811
4813
4817
4818
4821
4822
4823
4830
4834
4835
4837
4841
4845
4846
4847
4854
4858
4859
4861
4863
4865
4866
4870
4871
4882
4883
4885
4889
4890
4893
4894
4895
4899
4902
4906
4907
4909
4917
4918
4919
4926
4929
4930
4931
4933
4935
4937
4938
4942
4943
4945
4946
4953
4954
4955
4957
4962
4963
4965
4966
4967
4971
4974
4978
4979
4981
4985
4989
4990
4991
4993
4994
5002
5003
5005
5007
5009
5010
5014
5015
5026
5027
5029
5033
5034
5037
5038
5039
5051
5053
5057
5061
5062
5063
5066
5073
5074
5077
5081
5083
5086
5087
5098
5099
5101
5105
5106
5109
5110
5111
5115
5118
5122
5123
5129
5133
5134
5135
5142
5146
5147
5149
5153
5154
5158
5159
5161
5170
5171
5173
5177
5178
5181
5182
5183
5187
5190
5195
5197
5201
5205
5206
5207
5214
5215
5218
5219
5221
5226
5230
5231
5235
5242
5245
5249
5253
5254
5255
5262
5266
5267
5269
5271
5273
5277
5278
5279
5286
5291
5293
5297
5298
5299
5302
5303
5314
5315
5317
5321
5322
5326
5327
5334
5338
5339
5345
5349
5351
5358
5359
5362
5363
5365
5366
5369
5370
5374
5378
5385
5386
5387
5389
5393
5394
5397
5398
5399
5406
5410
5411
5413
5417
5421
5422
5423
5430
5434
5435
5437
5441
5442
5446
5447
5455
5457
5458
5459
5461
5465
5466
5467
5469
5470
5471
5473
5474
5478
5482
5483
5485
5486
5489
5493
5494
5495
5497
5502
5506
5507
5509
5510
5513
5514
5518
5519
5521
5530
5531
5533
5538
5541
5542
5543
5549
5554
5555
5557
5561
5565
5567
5574
5578
5579
5581
5585
5590
5591
5593
5602
5603
5605
5609
5610
5613
5614
5615
5622
5626
5627
5629
5633
5637
5638
5639
5642
5646
5649
5651
5653
5657
5658
5662
5663
5671
5674
5677
5681
5682
5685
5686
5689
5690
5694
5698
5699
5701
5705
5709
5710
5711
5718
5719
5722
5723
5727
5729
5730
5734
5735
5737
5747
5749
5753
5754
5757
5758
5759
5770
5771
5773
5777
5781
5783
5790
5794
5795
5797
5801
5802
5806
5807
5810
5817
5818
5821
5826
5829
5830
5838
5842
5843
5845
5849
5853
5854
5855
5862
5866
5867
5869
5871
5873
5874
5878
5879
5890
5891
5893
5897
5898
5901
5902
5903
5910
5914
5917
5921
5926
5927
5934
5938
5939
5941
5943
5945
5946
5947
5951
5962
5963
5965
5969
5970
5973
5974
5979
5982
5986
5987
5989
5990
5993
5995
5997
5998
5999
6006
6010
6011
6013
6014
6017
6018
6022
6023
6034
6035
6037
6041
6042
6045
6046
6047
6049
6054
6058
6059
6061
6065
6070
6071
6078
6082
6083
6085
6087
6089
6090
6094
6095
6097
6098
6099
6106
6107
6109
6113
6114
6117
6118
6119
6123
6126
6130
6131
6133
6141
6142
6143
6154
6155
6157
6161
6162
6166
6167
6177
6178
6179
6181
6182
6185
6186
6189
6190
6191
6195
6198
6202
6203
6205
6209
6213
6214
6215
6222
6226
6227
6229
6233
6234
6238
6239
6251
6257
6258
6261
6262
6263
6265
6270
6274
6277
6281
6283
6285
6286
6287
6294
6298
6299
6301
6305
6306
6310
6311
6314
6322
6323
6329
6330
6333
6334
6335
6342
6346
6347
6349
6353
6355
6357
6359
6361
6366
6371
6373
6377
6378
6382
6383
6386
6394
6395
6397
6401
6402
6405
6406
6407
6409
6410
6414
6418
6421
6429
6430
6431
6438
6441
6442
6443
6445
6446
6447
6449
6454
6455
6465
6466
6467
6469
6473
6474
6477
6478
6479
6481
6486
6490
6491
6493
6497
6501
6502
6503
6510
6514
6515
6521
6522
6526
6527
6538
6539
6541
6545
6546
6549
6551
6558
6562
6563
6565
6567
6569
6573
6574
6582
6586
6587
6589
6593
6594
6595
6598
6599
6601
6610
6611
6613
6617
6618
6621
6622
6623
6630
6634
6635
6637
6641
6645
6646
6649
6654
6658
6659
6661
6662
6665
6666
6670
6671
6682
6683
6685
6689
6690
6693
6694
6695
6702
6706
6707
6709
6717
6718
6719
6726
6730
6731
6733
6734
6737
6738
6742
6743
6745
6754
6755
6757
6761
6765
6766
6767
6771
6774
6778
6779
6781
6785
6789
6790
6791
6797
6798
6799
6802
6803
6805
6809
6810
6814
6815
6826
6827
6829
6833
6834
6837
6838
6839
6841
6846
6851
6853
6857
6861
6862
6863
6870
6873
6874
6881
6882
6886
6887
6890
6898
6899
6901
6905
6906
6910
6911
6918
6922
6923
6933
6934
6935
6942
6946
6947
6949
6953
6954
6959
6969
6970
6971
6973
6977
6978
6981
6982
6983
6985
6990
6994
6995
6997
7001
7003
7005
7006
7014
7019
7021
7026
7030
7031
7033
7035
7042
7043
7045
7049
7051
7053
7054
7055
7058
7059
7062
7066
7067
7069
7073
7077
7078
7079
7081
7086
7090
7091
7093
7094
7097
7102
7103
7111
7114
7115
7117
7121
7122
7126
7127
7134
7138
7141
7145
7149
7151
7158
7161
7162
7163
7165
7169
7170
7174
7177
7185
7186
7187
7189
7193
7194
7195
7197
7198
7199
7205
7206
7210
7211
7213
7217
7221
7222
7223
7230
7234
7235
7237
7241
7242
7246
7247
7255
7258
7259
7261
7265
7266
7269
7270
7271
7278
7282
7283
7285
7286
7289
7293
7294
7295
7297
7302
7305
7306
7307
7309
7313
7314
7315
7318
7319
7322
7330
7331
7333
7337
7338
7341
7342
7343
7345
7346
7354
7355
7357
7361
7365
7366
7367
7369
7374
7378
7379
7383
7385
7386
7390
7391
7395
7402
7403
7405
7409
7410
7413
7414
7415
7419
7422
7426
7427
7429
7430
7433
7437
7438
7439
7446
7451
7453
7457
7458
7462
7463
7474
7477
7481
7482
7485
7486
7487
7491
7493
7494
7498
7499
7501
7505
7509
7510
7511
7518
7522
7523
7526
7529
7530
7531
7534
7535
7537
7543
7547
7549
7553
7554
7557
7558
7559
7566
7570
7571
7573
7577
7579
7582
7583
7585
7590
7594
7597
7601
7602
7606
7607
7618
7619
7621
7626
7629
7630
7631
7633
7637
7638
7642
7643
7645
7649
7651
7653
7654
7655
7657
7662
7666
7667
7669
7671
7673
7674
7678
7679
7689
7690
7691
7697
7698
7701
7702
7703
7705
7710
7714
7715
7717
7719
7721
7726
7727
7734
7735
7738
7739
7741
7745
7746
7751
7755
7761
7762
7763
7765
7769
7770
7773
7782
7783
7786
7787
7789
7793
7795
7797
7798
7799
7805
7806
7807
7810
7811
7813
7817
7818
7822
7823
7833
7834
7835
7837
7841
7842
7845
7846
7847
7849
7854
7855
7858
7859
7861
7869
7870
7871
7873
7874
7878
7882
7883
7885
7890
7891
7894
7895
7905
7906
7907
7909
7913
7914
7917
7918
7919
7926
7930
7931
7933
7937
7941
7954
7955
7957
7961
7962
7966
7967
7978
7979
7981
7985
7989
7990
7991
7998
8002
8003
8005
8009
8013
8014
8015
8018
8022
8026
8027
8029
8031
8033
8034
8038
8039
8043
8051
8053
8057
8058
8061
8062
8063
8070
8074
8077
8081
8083
8086
8087
8089
8094
8098
8099
8101
8103
8105
8106
8110
8111
8114
8122
8123
8129
8130
8133
8135
8142
8146
8147
8149
8153
8157
8158
8159
8166
8170
8171
8173
8177
8178
8182
8194
8195
8197
8198
8201
8202
8205
8206
8207
8218
8219
8221
8229
8230
8231
8238
8239
8242
8243
8245
8249
8251
8254
8255
8257
8266
8267
8269
8270
8273
8274
8277
8278
8279
8283
8286
8290
8291
8293
8294
8297
8301
8302
8310
8313
8314
8315
8317
8319
8321
8322
8326
8327
8329
8338
8339
8341
8342
8345
8346
8351
8357
8358
8362
8363
8365
8366
8369
8373
8374
8382
8385
8386
8387
8389
8390
8393
8394
8398
8399
8411
8413
8417
8418
8421
8422
8423
8430
8434
8435
8437
8441
8445
8446
8447
8454
8455
8458
8459
8461
8465
8466
8471
8482
8483
8485
8489
8490
8491
8493
8494
8495
8499
8502
8506
8507
8509
8510
8513
8515
8517
8518
8519
8530
8531
8533
8534
8537
8538
8542
8543
8547
8554
8555
8557
8561
8562
8565
8566
8567
8569
8574
8578
8579
8581
8585
8589
8590
8598
8602
8603
8605
8609
8610
8614
8615
8626
8627
8629
8633
8634
8635
8637
8638
8639
8643
8646
8651
8653
8657
8661
8662
8663
8666
8671
8674
8677
8681
8682
8683
8686
8687
8689
8698
8699
8701
8702
8705
8706
8709
8710
8711
8718
8723
8729
8733
8734
8735
8742
8746
8747
8749
8753
8754
8758
8759
8770
8773
8777
8778
8781
8782
8783
8790
8794
8795
8797
8799
8801
8805
8806
8807
8813
8814
8815
8818
8819
8821
8826
8830
8831
8835
8841
8842
8843
8845
8849
8853
8854
8855
8857
8862
8866
8867
8873
8877
8878
8879
8886
8890
8891
8893
8897
8898
8902
8903
8914
8915
8917
8921
8922
8926
8927
8931
8934
8938
8939
8941
8945
8949
8951
8958
8962
8963
8965
8969
8970
8974
8985
8986
8987
8989
8994
8997
8998
8999
9006
9010
9011
9013
9017
9021
9022
9023
9030
9034
9035
9037
9039
9041
9042
9046
9047
9055
9058
9059
9061
9066
9069
9070
9071
9078
9082
9083
9085
9086
9089
9093
9094
9095
9102
9105
9106
9107
9109
9110
9113
9118
9119
9130
9131
9133
9137
9138
9141
9142
9143
9154
9155
9157
9159
9161
9165
9166
9167
9170
9174
9177
9178
9179
9181
9185
9186
9190
9191
9202
9203
9205
9206
9209
9210
9213
9214
9215
9222
9226
9227
9229
9233
9237
9238
9239
9241
9246
9253
9257
9258
9259
9262
9263
9269
9274
9277
9281
9282
9285
9286
9287
9291
9294
9298
9299
9301
9305
9309
9311
9318
9322
9323
9329
9330
9334
9335
9337
9338
9346
9347
9349
9353
9354
9357
9358
9366
9370
9371
9373
9374
9377
9379
9381
9382
9383
9390
9394
9395
9397
9401
9402
9406
9407
9418
9419
9421
9422
9426
9429
9430
9431
9435
9442
9443
9445
9449
9453
9454
9455
9462
9466
9467
9469
9470
9473
9474
9478
9479
9490
9491
9493
9497
9498
9501
9502
9503
9510
9514
9515
9517
9521
9526
9527
9529
9534
9538
9539
9541
9545
9546
9551
9554
9562
9563
9565
9569
9570
9573
9574
9577
9582
9586
9587
9589
9591
9593
9597
9598
9599
9601
9606
9611
9613
9617
9618
9622
9623
9634
9635
9637
9641
9642
9645
9646
9647
9649
9654
9658
9659
9661
9665
9667
9669
9670
9671
9678
9682
9683
9685
9689
9690
9694
9695
9701
9706
9707
9709
9713
9714
9715
9717
9718
9719
9723
9726
9730
9731
9733
9735
9737
9741
9742
9743
9754
9755
9757
9761
9762
9766
9767
9778
9779
9781
9785
9786
9789
9790
9791
9797
9798
9803
9805
9807
9809
9813
9814
9815
9822
9827
9829
9830
9833
9834
9838
9839
9842
9847
9851
9853
9857
9858
9861
9862
9863
9870
9874
9877
9881
9885
9886
9887
9889
9894
9899
9901
9905
9906
9910
9911
9913
9915
9923
9929
9930
9933
9934
9935
9942
9946
9949
9953
9955
9957
9958
9959
9962
9966
9970
9973
9977
9978
9982
9983
9986
9991
9994
9995
9997
